0
-0.0000000000000112760119101336
0.0000000000000451927192901043
-0.000000000000101883426982153
0.000000000000181481707979447
-0.000000000000284122425624468
0.000000000000409941196671238
-0.00000000000055907560699884
0.000000000000731658633558074
-0.00000000000092782601595636
0.0000000000011477186588446
-0.00000000000139147133983516
0.00000000000165922777557851
-0.00000000000195112473975985
0.00000000000226730216802218
-0.00000000000260789742551668
0.00000000000297304937882559
-0.00000000000336291248842389
0.00000000000377761551916795
-0.00000000000421730675286317
0.00000000000468214221477774
-0.00000000000517225639532404
0.00000000000568778321308412
-0.00000000000622887021733905
0.00000000000679567638446406
-0.00000000000738834339850049
0.00000000000800701740809039
-0.00000000000865183506747946
0.00000000000932296459480724
-0.0000000000100205735622818
0.0000000000107447719116425
-0.0000000000114957124406568
0.0000000000122735619145924
-0.0000000000130784674355721
0.0000000000139105739928356
-0.0000000000147700502448295
0.0000000000156570765889728
-0.0000000000165717645027994
0.0000000000175142776745648
-0.0000000000184847625684857
0.0000000000194833450643469
-0.0000000000205102986728612
0.0000000000215657446446944
-0.0000000000226497531745715
0.0000000000237625465598341
-0.0000000000249042710113703
0.000000000026075086831799
-0.0000000000272751708779776
0.0000000000285047212988981
-0.0000000000297638598970224
0.0000000000310526560355416
-0.0000000000323714306660027
0.0000000000337203008312178
-0.0000000000350993763326674
0.0000000000365089405920825
-0.0000000000379490507422453
0.0000000000394198447910906
-0.0000000000409216020834916
0.0000000000424545353719003
-0.0000000000440186240272838
0.0000000000456141859543601
-0.0000000000472414602611395
0.0000000000489004136678311
-0.0000000000505913816818143
0.0000000000523144970603734
-0.0000000000540698925216191
0.0000000000558576967449988
-0.0000000000576781657306509
0.0000000000595315282465821
-0.0000000000614178509198537
0.0000000000633374263550849
-0.0000000000652905226993782
0.0000000000672771512316401
-0.0000000000692972763219059
0.0000000000713514907372028
-0.000000000073439745092122
0.0000000000755621659701499
-0.0000000000777194502856763
0.0000000000799112306738603
-0.0000000000821377951678642
0.0000000000843995618796216
-0.0000000000866965640807928
0.0000000000890288657146531
-0.0000000000913966102863984
0.0000000000938006141664783
-0.0000000000962405369777874
0.0000000000987163277989876
-0.000000000101228746728351
0.000000000103777846281393
-0.000000000106363737998765
0.000000000108986326976802
-0.000000000111646102646766
0.000000000114343385734045
-0.00000000011707833617655
0.000000000119851238374521
-0.000000000122661801209826
0.000000000125510617635202
-0.000000000128398032759395
0.000000000131323997585108
-0.00000000013428865776905
0.000000000137292373271024
-0.000000000140335530677319
0.000000000143417936633191
-0.00000000014653990140722
0.000000000149701656945829
-0.000000000152903627124084
0.000000000156146196591046
-0.000000000159429093767206
0.000000000162752568286566
-0.000000000166116890777038
0.000000000169522381417916
-0.000000000172969454609433
0.000000000176458086795164
-0.000000000179988330937681
0.000000000183560661376604
-0.000000000187175454797387
0.000000000190832727037953
-0.000000000194532783064106
0.000000000198275481356431
-0.000000000202061055901454
0.000000000205890419822234
-0.000000000209763657223688
0.000000000213680761837608
-0.000000000217641589966033
0.000000000221646870293778
-0.000000000225696531095587
0.000000000229790674361321
-0.000000000233930664821861
0.000000000238115992381132
-0.000000000242346718489098
0.000000000246623045865883
-0.000000000250945478116615
0.000000000255314186514247
-0.000000000259729032668782
0.000000000264190759203041
-0.000000000268699359884453
0.000000000273255220010395
-0.000000000277858382076746
0.00000000028250976506465
-0.000000000287209173240066
0.000000000291955983589152
-0.000000000296752179918938
0.000000000301597574002486
-0.000000000306490714187931
0.000000000311433410459016
-0.000000000316426054415724
0.000000000321467519039713
-0.000000000326559852092273
0.000000000331702916536005
-0.00000000033689639694466
0.000000000342140880173132
-0.000000000347436008231639
0.000000000352782364819394
-0.000000000358179915730317
0.000000000363630262620765
-0.000000000369132937192074
0.000000000374687382044584
-0.000000000380295094065971
0.000000000385954907737371
-0.000000000391667893068587
0.00000000039743570323097
-0.000000000403257607789668
0.000000000409133680337262
-0.00000000041506456850913
0.000000000421049581278754
-0.000000000427088262507297
0.000000000433182947955688
-0.000000000439334282255931
0.000000000445541086275792
-0.000000000451804292021615
0.000000000458124227342145
-0.00000000046449982547846
0.000000000470932385260442
-0.00000000047742303141276
0.000000000483971517638418
-0.000000000490578554822297
0.000000000497244041363352
-0.000000000503967392221969
0.000000000510747806436234
-0.000000000517588338870876
0.000000000524490706925504
-0.000000000531452707567324
0.0000000005384752608069
-0.000000000545556903715018
0.000000000552698108011039
-0.000000000559901913950522
0.000000000567167627143373
-0.000000000574495518922888
0.000000000581885756706939
-0.000000000589337231262055
0.000000000596850610242447
-0.00000000060442712458013
0.000000000612067830246257
-0.000000000619773351212732
0.000000000627542873266736
-0.000000000635376124433272
0.000000000643274245733152
-0.000000000651238164249223
0.000000000659267586699987
-0.000000000667363500073192
0.000000000675525738897871
-0.0000000006837533059593
0.000000000692047497259909
-0.000000000700408806802182
0.000000000708838254875514
-0.000000000717336709007175
0.000000000725903509718836
-0.00000000073453756917523
0.000000000743239920579357
-0.000000000752013614098456
0.000000000760858717289335
-0.000000000769773297919882
0.000000000778757097004033
-0.000000000787811472799888
0.000000000796937256914776
-0.000000000806134498532292
0.000000000815404890407946
-0.000000000824748806806901
0.000000000834164686276684
-0.000000000843653609999338
0.000000000853216320828423
-0.000000000862853366898492
0.00000000087256434920819
-0.000000000882349335133011
0.000000000892210915901834
-0.000000000902148589045552
0.000000000912162476648751
-0.000000000922251933646747
0.000000000932417434486
-0.000000000942662539228648
0.000000000952984595049869
-0.000000000963383461814875
0.0000000009738616401179
-0.000000000984419047332274
0.000000000995056692702241
-0.0000000010057727076854
0.000000001016569473675
-0.00000000102744914813862
0.00000000103840960571731
-0.00000000104945035899943
0.00000000106057178645919
-0.00000000107177708956867
0.00000000108306503472723
-0.00000000109443552303725
0.00000000110589162185526
-0.00000000111743156006825
0.00000000112905532738677
-0.00000000114076586875245
0.00000000115256148680049
-0.00000000116444212959783
0.00000000117641095402629
-0.00000000118846506768677
0.00000000120060705308185
-0.00000000121283916938583
0.00000000122515843125516
-0.00000000123756539805928
0.00000000125006409485509
-0.00000000126265424542384
0.00000000127533048830589
-0.00000000128809997155662
0.00000000130096277458851
-0.00000000131391421505429
0.00000000132696094736502
-0.00000000134010209808441
0.00000000135333424311873
-0.00000000136666067876476
0.00000000138008327447053
-0.00000000139359804230754
0.00000000140720765074858
-0.00000000142091518749099
0.00000000143471872358989
-0.0000000014486206689424
0.00000000146262082856242
-0.00000000147672002122122
0.00000000149091870376612
-0.00000000150521407478572
0.00000000151960918673188
-0.00000000153410588300117
0.00000000154870327767084
-0.0000000015634030495649
0.00000000157820626728121
-0.00000000159311184945133
0.00000000160811867354745
-0.00000000162322902812715
0.0000000016384449178989
-0.00000000165376685205429
0.00000000166919374486749
-0.00000000168472594230016
0.00000000170036600231859
-0.00000000171611517651578
0.00000000173197353264448
-0.00000000174793930524568
0.00000000176401225332031
-0.00000000178019401037889
0.00000000179648739900756
-0.00000000181289358173693
0.00000000182941258430679
-0.00000000184604260494621
0.00000000186278476801284
-0.00000000187964311787471
0.00000000189661520079388
-0.00000000191369923812285
0.00000000193090008459368
-0.00000000194822050158909
0.00000000196565565581686
-0.00000000198320761071624
0.00000000200087885543622
-0.00000000201866887439587
0.00000000203658086973533
-0.00000000205461392730714
0.00000000207276580733542
-0.00000000209103702817439
0.00000000210943203719229
-0.00000000212795021923545
0.00000000214659307172966
-0.00000000216536377089818
0.00000000218425782463497
-0.00000000220327589070834
0.00000000222242285083212
-0.00000000224169742497858
0.00000000226109752022704
-0.00000000228062742005962
0.00000000230028943905373
-0.00000000232008173681477
0.00000000234000509421934
-0.0000000023600625531542
0.00000000238025108396233
-0.00000000240056993189052
0.0000000024210235501934
-0.00000000244161421104615
0.00000000246234448316038
-0.00000000248320982247945
0.00000000250420972740932
-0.00000000252535003081624
0.0000000025466276490216
-0.00000000256804499767005
0.0000000025896075395829
-0.00000000261131156228014
0.00000000263315648281802
-0.00000000265514233544539
0.000000002677270836331
-0.00000000269954856179588
0.00000000272197611816212
-0.00000000274455020174267
0.00000000276726845907072
-0.00000000279013072509416
0.0000000028131447941868
-0.00000000283631425914582
0.00000000285963217423756
-0.0000000028831000538627
0.00000000290672426466341
-0.00000000293050539120345
0.00000000295443734824007
-0.00000000297852282997955
0.00000000300276979589727
-0.00000000302717270338638
0.00000000305173120503651
-0.00000000307645152789542
0.00000000310133517813463
-0.00000000312638058348253
0.0000000031515858055259
-0.00000000317695513292948
0.00000000320249063120825
-0.00000000322819098559314
0.00000000325406048453899
-0.00000000328009903455357
0.00000000330630492862247
-0.0000000033326760124029
0.00000000335921426165865
-0.00000000338593126346021
0.0000000034128257047759
-0.00000000343988878469449
0.00000000346712403861223
-0.00000000349453723192696
0.00000000352213033590597
-0.00000000354990327800522
0.00000000357785336080287
-0.00000000360598444136854
0.00000000363429671369974
-0.00000000366279076125833
0.00000000369146870531008
-0.00000000372033139811868
0.00000000374938270910941
-0.000000003778620654113
0.00000000380804759810141
-0.00000000383766288366465
0.0000000038674716929234
-0.000000003897476201449
0.00000000392766832043223
-0.00000000395805451863913
0.00000000398863963941948
-0.00000000401942055586757
0.00000000405039777923981
-0.00000000408158043755967
0.00000000411296754696767
-0.00000000414454890192347
0.00000000417633307398593
-0.00000000420832514410816
0.00000000424052063239713
-0.00000000427292354028303
0.00000000430553701307548
-0.0000000043383618280782
0.00000000437139971771651
-0.00000000440465255299182
0.00000000443811391826157
-0.00000000447179152765636
0.00000000450568957136985
-0.00000000453980093957737
0.00000000457413988525057
-0.00000000460870011576104
0.00000000464347529169559
-0.00000000467847683568902
0.00000000471370870133722
-0.00000000474916518071775
0.00000000478484803749647
-0.00000000482076861508538
0.00000000485691359370629
-0.00000000489328970330826
0.00000000492990757378159
-0.00000000496675947331879
0.00000000500385232078049
-0.00000000504118150709686
0.00000000507875333902564
-0.00000000511656983949917
0.00000000515462973604769
-0.00000000519293927395666
0.00000000523148622880539
-0.00000000527028635646793
0.00000000530933735478338
-0.00000000534863969339861
0.00000000538820628410918
-0.00000000542801948400393
0.00000000546809294372227
-0.00000000550842752264136
0.00000000554902160571835
-0.00000000558987963466118
0.00000000563100124169835
-0.00000000567239111499645
0.00000000571404318662516
-0.00000000575597810605719
0.00000000579818415898558
-0.00000000584065731781546
0.00000000588341616445486
-0.00000000592644270696793
0.00000000596975250790583
-0.00000000601334269109096
0.00000000605721628569572
-0.00000000610138395386306
0.00000000614582935519399
-0.00000000619057377626082
0.0000000062356055957816
-0.00000000628093342722185
0.00000000632655414695624
-0.00000000637246672526807
0.00000000641869292703685
-0.00000000646520241827654
0.00000000651203185764007
-0.00000000655916868822693
0.0000000066066114144236
-0.00000000665436498553766
0.00000000670241704929269
-0.00000000675081433234905
0.00000000679950212147208
-0.00000000684852389618972
0.00000000689787152262839
-0.00000000694752454180251
0.00000000699753070610917
-0.0000000070478314440681
0.0000000070984907971541
-0.00000000714946862792508
0.00000000720078887670344
-0.00000000725246986333974
0.00000000730445572295539
-0.00000000735681974727612
0.00000000740948753608638
-0.00000000746254746540716
0.00000000751594870366164
-0.00000000756967053182815
0.00000000762380227326195
-0.00000000767822960766694
0.00000000773307614687471
-0.00000000778824823551423
0.00000000784380005203874
-0.00000000789975276054049
0.00000000795600896596535
-0.00000000801273206007234
0.00000000806974475593489
-0.00000000812719006557672
0.00000000818500914752938
-0.00000000824317951304713
0.00000000830182561680278
-0.00000000836074575225845
0.0000000084201844394039
-0.00000000847992518208748
0.00000000854009558647093
-0.00000000860072144551952
0.00000000866164145537131
-0.00000000872314088885061
0.00000000878487814833208
-0.00000000884716599355577
0.00000000890981216576128
-0.00000000897282881347142
0.00000000903643756018023
-0.00000000910024519184167
0.00000000916473496849252
-0.00000000922946076973727
0.00000000929471155609015
-0.00000000936046276954256
0.00000000942646003665491
-0.00000000949322799816459
0.00000000956009092344764
-0.00000000962769882742946
0.00000000969562808761188
-0.00000000976396215446233
0.00000000983303432001193
-0.00000000990215198154878
0.00000000997223779104908
-0.0000000100423775302538
0.0000000101132258111031
-0.0000000101846196419103
0.0000000102561474519658
-0.0000000103287544704349
0.0000000104011861379841
-0.0000000104747246084064
0.0000000105484105073511
-0.0000000106225830864028
0.0000000106977270652201
-0.0000000107725812591474
0.0000000108489137333149
-0.0000000109249082715235
0.0000000110019744086706
-0.0000000110795631082144
0.0000000111571202083064
-0.0000000112363031761149
0.0000000113146885000627
-0.0000000113948805169569
0.0000000114748150243485
-0.0000000115554170969999
0.000000011637324355527
-0.0000000117183445375688
0.0000000118017996179095
-0.0000000118840366549816
0.0000000119680921266095
-0.0000000120524894018078
0.0000000121365749133664
-0.0000000122232231516723
0.0000000123078938585704
-0.0000000123957282251875
0.0000000124823640980309
-0.0000000125701253448712
0.0000000126596252173455
-0.0000000127471409094022
0.0000000128388610526374
-0.0000000129275990891952
0.0000000130196782798866
-0.0000000131115052174421
0.0000000132026543718281
-0.000000013297943516081
0.0000000133890153949169
-0.0000000134858892384927
0.000000013579488795498
-0.0000000136753406444527
0.0000000137734244299347
-0.0000000138676214714326
0.0000000139692481915218
-0.000000014064370928987
0.0000000141659928175784
-0.0000000142657749383271
0.0000000143645675708206
-0.0000000144701265135664
0.000000014567260116911
-0.0000000146752841248008
0.0000000147756607576016
-0.0000000148809591971128
0.0000000149887836968491
-0.0000000150895331249692
0.0000000152035572093966
-0.000000015304179554027
0.000000015417765339534
-0.0000000155256397729507
0.0000000156327593432093
-0.0000000157508612078764
0.000000015852856511268
-0.0000000159755168120519
0.0000000160814872251883
-0.0000000161984258703833
0.0000000163171870041177
-0.0000000164237724078163
0.0000000165541440578469
-0.0000000166578231326513
0.000000016787564642342
-0.0000000169027185372961
0.0000000170191905924802
-0.0000000171531027763972
0.0000000172571170724952
-0.0000000174003123486428
0.000000017508540813845
-0.0000000176411012771845
0.0000000177717079581355
-0.0000000178825739118764
0.0000000180357578626735
-0.0000000181370348556114
0.0000000182904731302398
-0.000000018409862300218
0.0000000185376798257385
-0.0000000186920139737631
0.0000000187922814610152
-0.0000000189664847007435
0.0000000190692082289606
-0.0000000192250879593828
0.0000000193671870917498
-0.0000000194796160492824
0.0000000196662724917947
-0.0000000197539508713241
0.0000000199452177360079
-0.000000020060865562755
0.0000000202044995460464
-0.0000000203855296920695
0.0000000204711915523775
-0.0000000206951269545064
0.000000020775872335366
-0.0000000209704068378195
0.0000000211201450923841
-0.0000000212302218291802
0.0000000214679729834259
-0.0000000215201835766384
0.0000000217760817540307
-0.0000000218694283942627
0.0000000220395911833615
-0.0000000222548517069633
0.0000000223067452128269
-0.000000022613881885294
0.0000000226392117301584
-0.0000000229033963301937
0.000000023048018893575
-0.000000023151642833265
0.0000000234693805517129
-0.0000000234448006361002
0.0000000238164401025882
-0.0000000238469438439926
0.000000024068675213458
-0.0000000243248283414697
0.0000000243105070474886
-0.0000000247608301174218
0.0000000246646303721227
-0.0000000250611246911035
0.0000000251672208289918
-0.000000025264182512522
0.0000000257077652329487
-0.0000000255307393841745
0.0000000261145495486429
-0.0000000259979082467355
0.0000000263275380513835
-0.0000000266238245087229
0.00000002649099715048
-0.000000027190535299548
0.000000026845295790247
-0.0000000274997814017934
0.0000000274877201697455
-0.0000000275941404981575
0.0000000282322466968987
-0.000000027768593760629
0.0000000287446802141102
-0.0000000283094353175041
0.0000000288716993478132
-0.0000000291802986291512
0.0000000288516070651813
-0.0000000299844641144405
0.0000000291487046019387
-0.0000000303111011335903
0.0000000300015418522884
-0.0000000301800242911395
0.0000000311088322726729
-0.0000000301237781982753
0.0000000318282525583431
-0.0000000307303118038768
0.0000000317953205976369
-0.0000000320153115639752
0.0000000313880241949644
-0.0000000332676329558183
0.0000000314930252138473
-0.0000000336508426682032
0.0000000326606339123713
-0.0000000330859174215252
0.0000000344242675434069
-0.000000032518910827262
0.0000000355663581124652
-0.0000000331343041262165
0.0000000352669572478013
-0.0000000351211911214548
0.0000000340920013426777
-0.0000000372307691205973
0.0000000337064931061973
-0.0000000377950259425389
0.0000000353231433696335
-0.0000000364427910262487
0.0000000382758954287745
-0.0000000348114691926314
0.0000000402987369623904
-0.0000000352435410829955
0.0000000396100268971478
-0.0000000384074524673185
0.0000000369652530730636
-0.0000000421722864618679
0.0000000354406701967793
-0.0000000432575852001899
0.0000000376418060082427
-0.0000000405280739893668
0.0000000427556038842143
-0.0000000367433530322567
0.0000000466170481749975
-0.0000000364863695215558
0.0000000454429716172971
-0.0000000416077956999591
0.0000000400457742724927
-0.0000000485565154517678
0.0000000360462116589101
-0.0000000509612092036484
0.0000000388943712411562
-0.0000000459014474897199
0.0000000478934146813174
-0.0000000379051747873424
0.000000055506475255738
-0.0000000357780613913709
0.0000000539454378385418
-0.0000000440349592061893
0.0000000435759154903352
-0.0000000569911606460417
0.0000000344294555652557
-0.0000000625456632949047
0.0000000375835181148546
-0.0000000538016647392
0.0000000533989719780592
-0.0000000377612638403582
0.00000006861429829342
-0.0000000310074082324198
0.0000000675053601828207
-0.0000000439969517491426
0.0000000483458894477578
-0.0000000682708132991136
0.0000000286088711540359
-0.000000081125304449562
0.0000000305831431693075
-0.000000066865233842873
0.0000000583056942153246
-0.0000000355489575782997
0.0000000887961645836166
-0.0000000182137237580446
0.0000000906073038125679
-0.0000000380929481062816
0.0000000560568800176832
-0.0000000834531685034771
0.0000000152341348182417
-0.000000112104171763573
0.0000000121426086941287
-0.0000000901621832663181
0.0000000600966758712577
-0.0000000308114570637121
0.000000120143341892301
0.00000000912068155780996
0.000000131248611100873
-0.0000000193162877979183
0.000000071281269035095
-0.000000102466067991515
-0.0000000101654547542516
-0.000000164459280155846
-0.0000000288145568261237
-0.000000134714741112885
0.0000000514514545361808
-0.0000000252356299535502
0.000000168464882605201
0.0000000630352482696209
0.000000205745081701985
0.0000000281591654441046
0.000000105418479638381
-0.000000122837010432873
-0.0000000551180396704987
-0.000000255382684784636
-0.000000114526801223887
-0.000000222668695828995
0.0000000174028913294582
-0.0000000224225562965884
0.000000244342449447687
0.000000165791484477654
0.000000343665049135897
0.000000132943058737507
0.000000179231808285119
-0.000000138498255360262
-0.000000129946331798067
-0.000000410895374236855
-0.00000028026433569436
-0.000000391219467041132
-0.0000000710180678610148
-0.0000000360430150715386
0.000000355422438182741
0.00000034588868292734
0.000000590852098706011
0.00000034781006165873
0.000000340830576233713
-0.000000120589717993017
-0.000000234786515253541
-0.000000666084815289703
-0.000000590928929448532
-0.000000722904417966098
-0.000000291956389307177
-0.000000117795774998633
0.000000496849237464089
0.000000652105167025759
0.00000104374405492701
0.000000792572228235372
0.000000701353160889012
-0.00000000284593494570831
-0.000000371878720750976
-0.00000109963345220219
-0.00000118399927704172
-0.00000138013066801516
-0.000000785978769266439
-0.000000346481540085884
0.00000067867172986405
0.00000118297182190232
0.00000186794067475923
0.00000165705496674821
0.00000142931116202801
0.000000318596906568558
-0.000000525964226539079
-0.00000179260704180159
-0.0000022206048659931
-0.00000257561887373788
-0.00000177337758991178
-0.000000904494176826387
0.000000805706441613204
0.00000196620728715422
0.00000323445518584376
0.00000323968050293154
0.00000290047902947364
0.00000120493563914933
-0.000000457573923599631
-0.00000272977907002951
-0.00000395983736272583
-0.00000482038702512488
-0.00000390049441377213
-0.0000023942808333477
0.000000522915529239413
0.00000304249606300575
0.0000056237549484899
0.00000635685179219993
0.00000604529723940059
0.00000341158377976941
0.000000164590961096298
-0.00000413777792301787
-0.00000713851976273807
-0.00000915542038543209
-0.00000820014971352549
-0.00000554032928366204
-0.000000380424417412047
0.00000475089432095625
0.00000981148125523409
0.000011998004998075
0.0000118351215327768
0.00000770101986654404
0.0000017913570523192
-0.00000592906155691071
-0.0000120510440290968
-0.0000162872909866549
-0.0000157915431273781
-0.0000118046449847938
-0.00000347528611402253
0.00000580825437268237
0.0000153130441592004
0.0000209005058944771
0.0000223639294151131
0.0000171646181283708
0.00000766481426468853
-0.00000587407403212135
-0.0000185387935809719
-0.0000286539605094367
-0.0000313362690744574
-0.0000267966551304283
-0.0000134453023865196
0.00000425847704108914
0.0000239540841884654
0.0000384455882429282
0.0000450548124484012
0.00003890389864023
0.0000222409074410315
-0.00000359438273001536
-0.000030233981460898
-0.0000524016292148079
-0.0000611476774417031
-0.0000548150002554343
-0.0000313898319032547
0.00000194868810346663
0.0000391780838711228
0.0000679909413614485
0.0000821490439101588
0.00007413197745493
0.000046767438553616
0.00000328211134095923
-0.0000435692560454166
-0.0000844506571089471
-0.000105682389548462
-0.000102946662995576
-0.0000721355587804643
-0.0000213349314216273
0.0000414461733336223
0.0000986433612864684
0.000138140677531021
0.000144657561143766
0.000115475962454388
0.0000502329770349061
-0.0000355297984093992
-0.000125039160410641
-0.000190955991188456
-0.000214914702365073
-0.00018024890362361
-0.0000915414367082671
0.0000375650323164529
0.000172006963285863
0.000277465531478971
0.000315586847681039
0.000270702891285381
0.000141914538287418
-0.000038702521791526
-0.000228454289239035
-0.000369372833744396
-0.000421246380991855
-0.000358013791360785
-0.000193897641729347
0.0000362400170328451
0.000268071993796975
0.000443465825802778
0.000508014935850631
0.000444716936974225
0.000258830837291581
-0.00000384450016292729
-0.000288820042004063
-0.00052424659536654
-0.0006575967475886
-0.000643577433182449
-0.000476170410462449
-0.000168402573336561
0.000221630156965718
0.000620969381965351
0.000926135032018362
0.00104957148813508
0.000917183136355197
0.000524094751168749
-0.0000762498156823348
-0.000740932059132409
-0.00129347173050045
-0.00153990792446353
-0.00136330064867618
-0.000743719675048315
0.000180946059231865
0.00117048557733551
0.00190982328865403
0.00214267891416697
0.00172592310369349
0.000730181627258317
-0.000604296470352889
-0.00189090460899943
-0.00275650232791959
-0.00291682612887821
-0.0023131917786603
-0.00108315551810753
0.000438669875665871
0.00187875575077336
0.00288335921425731
0.00326231966642642
0.00295716228158942
0.0020792943355388
0.000789322568051254
-0.000683086488406507
-0.00213083749734118
-0.00328645215565783
-0.00389214565390042
-0.00364691466743124
-0.00238049691306535
-0.0000959294113789269
0.00281732618832164
0.00565615995332596
0.00743016523125476
0.00726195106926213
0.0046478335004135
-0.000104268300891031
-0.00590568081679819
-0.0109762540826078
-0.0135186124067847
-0.0122454713054873
-0.0071159690262888
0.000626361016724579
0.00856936885530391
0.0140920941449671
0.0151283352564272
0.011206244779314
0.00350773236083692
-0.0052422088088082
-0.0120075139723244
-0.0142946008391738
-0.011395736759359
-0.00428152165508659
0.00450026124172943
0.0123224132700885
0.0170990941012652
0.0184787498329636
0.0170879219659725
0.0143723115020065
0.0107169943764128
0.00563711708299162
-0.00299577797770992
-0.0163404918908433
-0.0339077935408975
-0.0506423908058054
-0.0603636227725023
-0.0576056970723861
-0.0439993761503293
-0.0210965938402168
0.00918574934311836
0.043607683698793
0.0638440906117325
0.0782689144554248
0.0985882812869785
0.241895000359848
0.564005196136125
-0.743367267808448
-0.14496046811886
-0.0763338408387307
-0.0590018699272855
0.0150826261350617
0.0335185980173477
-0.00825324439511183
0.0098851505282185
0.0206486839846014
0.00831878778415036
0.02053474688781
0.0217311110535211
0.00701604525678763
0.00735073046854146
0.00611561267379443
-0.000615838760864444
0.00158091962233742
0.00306489749985865
0.00173867044229547
0.00539648378971782
0.00738435183296452
0.00414396009832337
-0.000323960531184555
-0.00647434727161793
-0.0118073491361717
-0.0117490022526723
-0.00792922110234138
-0.00320990100813113
0.00129786455937278
0.00390776230419193
0.00474226922874338
0.00517348435210858
0.004996099182667
0.0036240158012922
0.00127785743302605
-0.00166502950574494
-0.00425614524493216
-0.00556089369722465
-0.00562947853405735
-0.00504119774572061
-0.00413830414445147
-0.00303522139949257
-0.00153709068068036
0.000474832478800177
0.00271759493508559
0.00470246725872449
0.00615195194438721
0.00698841867763701
0.00724813089497091
0.00680504487704234
0.00534528995491705
0.00262324208502434
-0.00113753927055882
-0.00521126297122124
-0.00856904388897943
-0.0103353617106039
-0.0100848241878539
-0.00793756737273379
-0.00438405900825531
-0.000147478593099456
0.00398313581316394
0.00722589136025082
0.00896873003763215
0.00890000656122138
0.00714118099816592
0.00417696255666525
0.000713389113362603
-0.00255853496410677
-0.00508177739042767
-0.00650799710607819
-0.00666759177686349
-0.00559691886489712
-0.00352982647077842
-0.000910708334099155
0.00170753532518026
0.00377996051921578
0.00493313715129739
0.0050230961223123
0.00415236821396543
0.00258557644244736
0.000688533455968065
-0.00116422712902471
-0.0026320810493714
-0.00348315506926236
-0.00361799096215597
-0.00309897486567222
-0.00210282494868041
-0.000877861316244724
0.000337418588772054
0.00134301772899561
0.00201410942932297
0.00228915854602241
0.00218382431351488
0.00176892857614388
0.00116807704170642
0.000512233664359774
-0.0000811868388485595
-0.000547528343440202
-0.000864719685950206
-0.00105114629764663
-0.00112897086482767
-0.00112003201974751
-0.00102791409058137
-0.000855744621864838
-0.000602768874274579
-0.000284532055012674
0.0000746973908252324
0.00043030735270473
0.000734752873891633
0.000937333011714559
0.00100874677032008
0.000939892360628107
0.000753915634755096
0.000487496571558511
0.000188348873720356
-0.000106259681015655
-0.000364327029699614
-0.000567863496007235
-0.000699498097267833
-0.000750173415321246
-0.000711116254850039
-0.000586783631417922
-0.000388881489175885
-0.000145912434931819
0.00010875470153281
0.000334314081040149
0.00049901446096265
0.000579132560735099
0.000571949578397771
0.000487513942322008
0.000351886766860972
0.000191322905623413
0.0000325039977041045
-0.000109686772414405
-0.000224721858025609
-0.000310915036746555
-0.000364196566169463
-0.000383136247496818
-0.000362042702242584
-0.000300457348465722
-0.000199204982342438
-0.0000693871361090452
0.0000743700542880582
0.000209493663073387
0.000316144963807626
0.000375357468759278
0.000379290681122382
0.000326710842934902
0.000228672931561459
0.0000998238679549177
-0.0000389137883795793
-0.000169570442021253
-0.000273583771872664
-0.000339176561765499
-0.000356565759521706
-0.000324442129911461
-0.000244944931350044
-0.000129396202336238
0.00000781543175597355
0.000145514430200023
0.000263829709854215
0.000342348095670929
0.000368819311329437
0.00033677564383928
0.000251954268737812
0.000126753296990072
-0.0000171601052883635
-0.000157442725749606
-0.000270448733065119
-0.000339857967869641
-0.000354706344303073
-0.00031531235113766
-0.000228357310921693
-0.000109775865503348
0.0000223891462750749
0.000146671821977708
0.000245713065366736
0.000304585783760412
0.00031695337337807
0.00028165838480921
0.000206664858729778
0.000103633724742138
-0.0000100673671231831
-0.000118022192313778
-0.00020346947195217
-0.000255660107836622
-0.000267608034956607
-0.000240642228836604
-0.00018016042808521
-0.0000980403071429377
-0.00000683960218679081
0.0000788059350758024
0.000147993163062107
0.000191537101585854
0.000206421551749037
0.000192306878561804
0.000154407691434773
0.0000989196056083936
0.0000351638235420089
-0.0000290578106820422
-0.0000851297794863669
-0.000127698232833656
-0.000151837464976179
-0.000156522905671096
-0.000141414150070455
-0.000109880008167918
-0.0000655087926282211
-0.0000147487754328099
0.0000368087290782913
0.0000820818910412353
0.000116267290621832
0.000134509030045326
0.000135380207126855
0.000118221859706202
0.0000860606640054401
0.0000424588533729414
-0.00000614607021214644
-0.0000539675568886809
-0.0000938900246215248
-0.000121081007250053
-0.000131020685870123
-0.000122809774932391
-0.0000967967895027736
-0.0000572006175736804
-0.00000904903438127632
0.0000399922037069608
0.0000832425954553623
0.000113583235639154
0.000127036291542785
0.00012101653675981
0.0000971569491261764
0.0000586894682856161
0.0000122599672801687
-0.0000354747538063664
-0.000076623786993855
-0.000105589891393722
-0.00011766763578221
-0.000111964804776163
-0.0000892528011000367
-0.0000539646423113918
-0.0000112625665116352
0.0000316511792820778
0.0000688005754384593
0.0000942267157337579
0.000104962358528145
0.0000993474862795148
0.0000792694811732473
0.0000477532153056498
0.0000104475279849038
-0.0000273013384092929
-0.0000593109060778156
-0.0000814728933600256
-0.0000903882991213254
-0.0000857468674914643
-0.0000683618773599541
-0.0000418461037422219
-0.0000100917577005033
0.0000215106911620487
0.0000487572576693652
0.0000674061136760982
0.0000755746052958807
0.0000721341278729759
0.0000585740602096129
0.0000369217537152164
0.000011132640698991
-0.0000152769165477439
-0.0000380308897115761
-0.0000544182711043231
-0.0000619529571435304
-0.0000603667037264229
-0.0000499158161910635
-0.0000329364424172451
-0.0000118070808866607
0.00000981149235426061
0.0000291450831844185
0.0000431093171460479
0.0000503229552247009
0.0000496942153229996
0.0000420862769527643
0.0000285866296303237
0.0000118301913550155
-0.00000594577459715695
-0.0000217399650041173
-0.0000337209122097607
-0.0000399903675211621
-0.0000402961469082903
-0.0000345640217616212
-0.0000243076443654372
-0.0000109275160356362
0.00000310464181849423
0.0000160400215645813
0.0000257122297801021
0.0000312307939648002
0.0000317059692658986
0.0000277065330080125
0.0000197759321375576
0.00000965299665585297
-0.00000135327578693916
-0.0000112556900611486
-0.0000189981516295225
-0.0000232956724486746
-0.0000240847531857581
-0.00002121062741761
-0.0000156754763769196
-0.00000818853971717751
-0.000000281062501536775
0.00000717570397012539
0.0000128662727731101
0.0000164276411816792
0.00001726023121868
0.0000157799987742097
0.0000121257128484098
0.00000728840042140369
0.000001768757291819
-0.00000334070020890437
-0.0000076665027532327
-0.0000104437169533127
-0.0000117380607609317
-0.000011274424765085
-0.0000095658135915618
-0.00000670073786307349
-0.00000341789852543685
0.0000000999532102363849
0.00000315755598009163
0.00000570791703446501
0.00000726443996460605
0.00000800713461271607
0.0000076796923911927
0.00000665614155008657
0.00000484185153469072
0.00000271957447673923
0.000000268212117677551
-0.00000200358275082229
-0.0000041191685878183
-0.00000561428147540136
-0.00000658239423838893
-0.00000666977590036178
-0.00000610216665331375
-0.00000468771307654496
-0.00000281578281080864
-0.000000457375032037868
0.00000187163155921566
0.0000041159474363667
0.00000574917272157869
0.00000677413700451464
0.00000680459690797841
0.0000060385731331216
0.00000433038742033199
0.00000211786461884599
-0.000000527596967544585
-0.00000302155760984257
-0.00000522903852797407
-0.00000661220244512671
-0.00000717737783067656
-0.00000661783090723269
-0.00000521546078964895
-0.00000295532166028565
-0.000000370262005053865
0.00000237143868723893
0.00000466306227692284
0.00000637235136053047
0.00000704620228065492
0.00000678889258065993
0.00000544287541275654
0.00000341024896011528
0.000000799807046656302
-0.000001803536571372
-0.00000420776109636508
-0.00000586779188781446
-0.00000673642474146444
-0.00000650672332841858
-0.00000541494912992123
-0.00000345046988997966
-0.00000110280115569157
0.00000145556434222578
0.0000036595558617449
0.00000536800164539631
0.0000061580809554223
0.00000610803462077799
0.00000506733348444734
0.00000338699893138001
0.00000115861230731727
-0.00000110137826318863
-0.00000322608171351479
-0.00000473310994400383
-0.00000558158742370787
-0.00000549560164119139
-0.00000467847884415111
-0.00000310796409723879
-0.00000120250016320221
0.000000905704963784696
0.0000027354334383174
0.00000418118432483376
0.00000488058575618811
0.00000490949228453911
0.0000041291663224871
0.00000283735212984039
0.0000010907455960313
-0.000000681530805475934
-0.00000236467221886855
-0.00000355982324085767
-0.00000425475665420337
-0.00000421598573227812
-0.0000036237223368016
-0.00000244214197795261
-0.00000101581561406367
0.00000057555632049364
0.00000194457836148057
0.00000303702583643848
0.00000356071766476774
0.00000360111879138984
0.00000303502803209051
0.00000211142443410264
0.000000848305797223262
-0.00000041464391051379
-0.00000162308418541913
-0.00000246595780455075
-0.00000296760844992096
-0.00000293883998040382
-0.00000254102832237148
-0.0000017229718649498
-0.000000756740373137409
0.000000333617396458454
0.00000125291750089299
0.00000199970947084897
0.00000234823571600309
0.00000239317914745185
0.00000202251601008231
0.00000143719427039168
0.000000615250360564981
-0.000000187859246936072
-0.000000974416531224691
-0.00000151154754082235
-0.0000018536801984704
-0.00000184649474934254
-0.00000162939078150386
-0.00000113280105539463
-0.000000561645521875835
0.000000109393825373227
0.000000663798349851486
0.00000114105687405302
0.00000136684506595342
0.00000143641865592201
0.00000124169779500687
0.000000938073759713156
0.00000046919058968787
0.0000000208810401786725
-0.000000450858364061555
-0.000000772154357641247
-0.00000101372067628086
-0.00000104386840149988
-0.000000977852159720717
-0.000000730012693517664
-0.000000450762769550391
-0.0000000803124137905076
0.000000222760935435081
0.000000521805109859207
0.000000677455148458071
0.000000778346966545482
0.000000717820636462131
0.000000614046208853142
0.000000388314635816224
0.00000017620912968808
-0.0000000901767000907656
-0.000000277089413129506
-0.00000046021519804293
-0.000000523048400809263
-0.000000559660750422244
-0.000000475634409807339
-0.000000382569218438281
-0.000000202253152976506
-0.0000000542931515192638
0.000000134929869198002
0.000000249751177946596
0.000000370042905495012
0.000000392572302350027
0.000000408924161635691
0.000000330366527972898
0.000000259081312263057
0.000000116942675818432
0.0000000108388972858384
-0.000000133870466596808
-0.000000213015287097664
-0.000000304755204168893
-0.000000313487020393796
-0.000000325146693541883
-0.000000254976887515963
-0.000000196928231710931
-0.0000000752780582411139
0.0000000115704209999082
0.000000135293533077242
0.000000198865557807208
0.000000276039366426693
0.000000276862278623342
0.00000028185567888438
0.000000211210221437569
0.000000153324389382604
0.0000000374282108669374
-0.0000000433937473180234
-0.000000155879189463215
-0.000000208444013248039
-0.000000270456305308279
-0.000000258051521805175
-0.000000248218042797567
-0.00000016780324104284
-0.00000010200149066593
0.0000000136507378211337
0.0000000901126698301138
0.00000018935280828936
0.00000022562105058235
0.000000265527821317108
0.000000232674644858923
0.000000202462777756235
0.000000109402674498553
0.0000000364468747364075
-0.0000000749215770421983
-0.00000014022749383667
-0.000000218316573867375
-0.000000230645696700756
-0.00000024294794012681
-0.000000187252994100321
-0.000000138264985843973
-0.0000000377579386298114
0.0000000341530791963988
0.000000131747001260551
0.000000176605891125393
0.000000226455627514214
0.000000211099373533253
0.000000196442079495469
0.000000122712673166928
0.0000000634198607422808
-0.0000000340572042856284
-0.0000000940035707077684
-0.000000168607583477586
-0.00000018690819453137
-0.000000206856427233948
-0.00000016671449849315
-0.000000132346816406542
-0.0000000507553401991637
0.00000000722352437991002
0.0000000907874842829008
0.000000130229584479526
0.000000177303791467985
0.000000169038991196445
0.000000163819973016435
0.000000107344556859979
0.0000000642333225356381
-0.0000000137793417986146
-0.0000000602004842821018
-0.000000122681113798469
-0.000000138446906112379
-0.000000159487617775632
-0.000000130302474943231
-0.000000108930808538129
-0.0000000467842916434787
-0.00000000568765856820192
0.0000000598284312053137
0.0000000888115861110771
0.000000128439153508504
0.000000122860993727099
0.000000124022511478229
0.0000000826199908555081
0.0000000550829937546655
-0.00000000327764398398584
-0.0000000347325976018567
-0.0000000832979823076944
-0.0000000939861580664344
-0.000000113708474242098
-0.0000000927689572800564
-0.0000000822070255603544
-0.0000000373780019811377
-0.0000000118753294439021
0.0000000365368245364283
0.0000000549433601267974
0.0000000865165373137702
0.0000000819418627616877
0.0000000874470340445707
0.0000000583278109858471
0.0000000437073241829952
0.00000000221513718070722
-0.0000000162429652691001
-0.0000000523260242014662
-0.0000000580303694141993
-0.0000000756807833675859
-0.0000000608797848153504
-0.000000058465419394327
-0.0000000275304017401648
-0.0000000144493265174867
0.0000000198679675699162
0.0000000295624264407343
0.0000000540425384987002
0.0000000498349137234128
0.000000058041350586175
0.0000000382534839047161
0.0000000332226333556431
0.00000000486220772821119
-0.00000000368759032749086
-0.0000000297796136390379
-0.0000000315185540053847
-0.0000000469889788199667
-0.0000000366077024274945
-0.0000000397589746132181
-0.0000000191649704388285
-0.0000000149963909857481
0.00000000865553976719157
0.0000000120006023077159
0.0000000308170226311998
0.0000000267949881843323
0.0000000364214963105353
0.0000000233190623148238
0.0000000247383406252286
0.00000000588936335087069
0.00000000414777215821131
-0.0000000145325123127041
-0.0000000135382931389605
-0.0000000269987633760843
-0.00000001969349502296
-0.0000000262207275539732
-0.0000000128364965069619
-0.0000000144278807687954
0.00000000169300260046686
0.000000000907985007680296
0.0000000154788032345106
0.0000000116421426489525
0.0000000217232059168802
0.0000000131259552222304
0.0000000183715359471245
0.00000000595973451652005
0.00000000838329438994913
-0.00000000511822549640753
-0.00000000248688143329301
-0.0000000141651147200409
-0.00000000888893814050375
-0.0000000170617022612105
-0.00000000836222770244888
-0.0000000131887854115707
-0.0000000020667851021857
-0.0000000052080254208201
0.00000000627411756480958
0.00000000263103653647908
0.000000012443294571062
0.00000000665768929783159
0.0000000137291693050062
0.00000000539051054389844
0.00000000998852948727178
-0.0000000000318668949186906
0.00000000343750186832575
-0.00000000663638188119259
-0.00000000258834908829231
-0.0000000111448671729887
-0.00000000526473883677837
-0.0000000115152121444869
-0.0000000035561312962033
-0.00000000781535623014913
0.00000000140509365875606
-0.00000000207402517373101
0.0000000069690317928183
0.00000000278541265521384
0.0000000103156322050449
0.00000000440536270927608
0.00000000984610050183605
0.00000000214182358570383
0.00000000594182157364135
-0.00000000266216868698825
0.000000000717495630702399
-0.00000000741124820689886
-0.00000000310423912370191
-0.00000000962379045670654
-0.00000000361615105940515
-0.00000000821989607341784
-0.00000000070372826054981
-0.00000000405458077123807
0.00000000393848421926977
0.000000000583738102013633
0.00000000775454378994752
0.00000000323240359396015
0.00000000871908209397124
0.00000000258197825538251
0.00000000641250643583452
-0.000000000851959689166958
0.00000000219695398615176
-0.00000000506901320487433
-0.00000000158566101527623
-0.00000000772697487462116
-0.00000000292853411935122
-0.00000000743588761949211
-0.00000000124592244968468
-0.00000000448151901151579
0.0000000023653594844609
-0.000000000594697372598779
0.00000000580596542885028
0.00000000207014688923581
0.00000000718057619163799
0.0000000021457470434679
0.00000000583508932063906
-0.000000000232812583562754
0.00000000265212939105404
-0.00000000358548389701904
-0.00000000052462007180741
-0.00000000598545568103429
-0.0000000019697625645684
-0.00000000615515451853442
-0.00000000102648656673648
-0.00000000413449880755124
0.00000000159766004387761
-0.00000000117199470721942
0.00000000431539159993201
0.0000000010515404005223
0.0000000056028017533031
0.0000000013874467249458
0.00000000484134436930309
-0.000000000181918126809095
0.00000000259351136325127
-0.00000000261959588977766
0.000000000198994789080485
-0.0000000044927594106207
-0.00000000103108559058196
-0.00000000479994728127493
-0.000000000539192339214613
-0.00000000349033243306425
0.000000001233595523135
-0.0000000014099452037005
0.00000000317923208256823
0.000000000246343307210203
0.00000000419592807300268
0.000000000627622026211199
0.00000000379684875233895
-0.00000000033490706516837
0.00000000232077648982182
-0.00000000196496197673045
0.000000000665052957340253
-0.00000000328726970765809
-0.000000000264443427584943
-0.00000000359471474713311
-0.0000000000526335943473799
-0.0000000028095260931543
0.00000000104780720956144
-0.0000000014596464164421
0.00000000232622250747376
-0.000000000324123969209413
0.00000000305304510621413
0.0000000000208131627592776
0.00000000288070049130997
-0.000000000506355402055059
0.0000000019898620574857
-0.00000000150479423329284
0.000000000929799649339177
-0.00000000236581063231454
0.000000000276379190313753
-0.00000000262800238702853
0.000000000316731071364077
-0.00000000220907918191563
0.000000000929538236312614
-0.00000000140317994468925
0.00000000170166606731294
-0.000000000674856132775428
0.00000000218758507714685
-0.000000000387685718670946
0.00000000215240265950749
-0.00000000062295876508067
0.00000000166944770382779
-0.00000000117403899688058
0.00000000103966563275215
-0.00000000169536353870661
0.000000000600730108185818
-0.00000000190461897133691
0.000000000543516986197276
-0.00000000172268086384816
0.000000000832496448541597
-0.00000000128611826832642
0.00000000125693150213676
-0.000000000844529331800214
0.00000000156634157751232
-0.000000000614156537585298
0.00000000160622121865586
-0.000000000671082070161188
0.00000000138327781449083
-0.000000000933297767311881
0.00000000103748739872643
-0.00000000122674668307952
0.000000000750366239499979
-0.00000000138783620597636
0.000000000646760298455956
-0.00000000134422342233572
0.000000000741013226036323
-0.00000000113673929752521
0.000000000947095926967493
-0.000000000881425836408271
0.00000000113682558982951
-0.000000000700645222022474
0.00000000120926906334892
-0.000000000662382325491387
0.00000000113560753347605
-0.000000000755668436974296
0.000000000962016729189057
-0.000000000907804309198786
0.000000000776352828664992
-0.00000000102813122982136
0.000000000660328587167191
-0.00000000105355259216874
0.000000000651801706277838
-0.000000000974430474444182
0.000000000732889154084968
-0.000000000832086802472287
0.000000000845485470136944
-0.000000000693128194781993
0.000000000923273534132235
-0.000000000615334965137247
0.000000000923714267604867
-0.000000000621508018862238
0.000000000845567011197335
-0.000000000692200976890697
0.000000000725560107035748
-0.000000000778777056623763
0.000000000617605831419513
-0.000000000829080830333394
0.000000000565534514860047
-0.000000000812865184085893
0.000000000582580379219814
-0.000000000735034357824202
0.000000000646934092658562
-0.000000000630932864836712
0.000000000714728533510712
-0.000000000546910304476949
0.000000000743318238751678
-0.000000000516349712327355
0.000000000712780901796388
-0.000000000543399508288871
0.000000000634853232313857
-0.000000000602437085050722
0.000000000545173317891635
-0.000000000652937203239644
0.000000000483464699849976
-0.000000000661413232249198
0.000000000472508090360737
-0.000000000618629578106637
0.00000000050708764780391
-0.000000000543114948332005
0.000000000558344347767465
-0.000000000469692108893674
0.00000000059054988246477
-0.000000000429906608160268
0.000000000580656749410358
-0.000000000435315610870659
0.000000000529870784576744
-0.00000000047254131178279
0.000000000461397849287615
-0.000000000512176123347116
0.00000000040640656760737
-0.000000000525829869699071
0.000000000386546169817088
-0.000000000501444832328535
0.000000000402892247960173
-0.000000000448636537874214
0.000000000436938167977225
-0.000000000391769028181868
0.000000000462227372421377
-0.000000000355468385907532
0.000000000459441386966856
-0.000000000351159724326794
0.000000000426344654633625
-0.000000000371966324588307
0.000000000377514582754018
-0.000000000398087275722283
0.000000000334839294126181
-0.000000000408817083971898
0.000000000314866519901009
-0.000000000393959953364273
0.000000000320265353225824
-0.00000000035838347694732
0.000000000339726020363147
-0.000000000317845973227772
0.000000000355564897632508
-0.000000000289258265399558
0.000000000354064279799004
-0.000000000281314372772056
0.000000000332541111767998
-0.000000000290624813113562
0.000000000299603732763599
-0.000000000304908538283357
0.000000000269186455417832
-0.000000000310708212463743
0.000000000252327621785888
-0.000000000300865653263643
0.000000000251493272091656
-0.000000000277666803708828
0.000000000260265160574156
-0.000000000250454592158434
0.000000000267923922054771
-0.000000000229662374989882
0.000000000265817851998624
-0.000000000221010024994085
0.000000000251790223960282
-0.000000000223012693901012
0.000000000230495322526633
-0.000000000228738319860144
0.000000000209965134531086
-0.000000000230295494535643
0.000000000196805533926392
-0.000000000223222678336459
0.000000000192831639483369
-0.000000000208413099595167
0.000000000194771004546058
-0.000000000190860030585518
0.000000000196759561150839
-0.000000000176373872583123
0.000000000193868151150609
-0.000000000168348974252736
0.000000000184602128538345
-0.000000000166314081380946
0.000000000171166544200682
-0.000000000166781586887119
0.000000000157714080221348
-0.000000000165580376052408
0.000000000147828149971278
-0.000000000160175072726249
0.000000000142714663980637
-0.00000000015074009908034
0.000000000140958916407942
-0.000000000139614747139813
0.000000000139707791082114
-0.000000000129704553419517
0.000000000136413870364246
-0.000000000122863474077276
0.000000000130112917063987
-0.000000000119107171510661
0.00000000012164430137322
-0.000000000116933522554855
0.00000000011289242397962
-0.000000000114372867168882
0.000000000105620282118452
-0.000000000110090295443349
0.000000000100585285110597
-0.000000000103949382277046
0.000000000097338601437327
-0.000000000096856096432403
0.0000000000946845989391831
-0.0000000000900974359549011
0.0000000000914275297292846
-0.0000000000846150192510965
0.0000000000869762056794438
-0.0000000000806008037707699
0.0000000000815177102529711
-0.0000000000775472746167584
0.0000000000757711990698932
-0.0000000000746398960205463
0.0000000000705214523531883
-0.0000000000712201787470026
0.0000000000662202739716722
-0.0000000000670762416166251
0.0000000000628311560228245
-0.000000000062455890892141
0.0000000000599462320687554
-0.0000000000578513474273743
0.0000000000570587164227781
-0.0000000000537107530839536
0.0000000000538254845307965
-0.0000000000502323164287567
0.0000000000501988116818917
-0.0000000000473185265391692
0.0000000000463887685326256
-0.0000000000446815219775827
0.0000000000427107466854755
-0.0000000000420168776182175
0.0000000000394146014925998
-0.0000000000391511201177935
0.000000000036577688167552
-0.0000000000360983284026544
0.0000000000341010583704001
-0.0000000000330161680804243
0.0000000000317897350135086
-0.0000000000301033207397578
0.0000000000294632807748364
-0.0000000000274953452140263
0.0000000000270394769271612
-0.0000000000252107197149985
0.0000000000245550744631837
-0.000000000023163467303755
0.0000000000221245872230816
-0.0000000000212238457421483
0.0000000000198691823263017
-0.0000000000192902602105477
0.0000000000178547172958736
-0.000000000017333622005156
0.0000000000160689719466895
-0.0000000000153967653504744
0.0000000000144428388249432
-0.000000000013558279066996
0.0000000000128963265640544
-0.000000000011884003053482
0.0000000000113810420299593
-0.0000000000103954412377142
0.0000000000098978981777424
-0.0000000000090679383289771
0.00000000000848470935573896
-0.00000000000785357505867185
0.00000000000718701873355457
-0.00000000000671148669755896
0.00000000000603126076677033
-0.00000000000562745083499381
0.00000000000501502989326655
-0.00000000000461376821704923
0.00000000000411554535581756
-0.00000000000369448153996527
0.00000000000330760249648555
-0.00000000000288784692134788
0.0000000000025777721336721
-0.00000000000219717202479615
0.00000000000192773734024213
-0.0000000000016132679897397
0.00000000000136739726592996
-0.00000000000112373281057486
0.000000000000905204248169053
-0.000000000000721149666455028
0.00000000000054272386619633
-0.000000000000405171343192686
0.000000000000275803465249443
-0.000000000000178934308026759
0.0000000000000993738603117855
-0.0000000000000442885948798407
0.000000000000011072617680447
0
