0
0
0.000000000000000000000558404159672793
-0.0000000000000000000194182100834806
0.00000000000000000000505771888459889
-0.000000000000000000078147071123572
0.0000000000000000000136533476903914
-0.000000000000000000177206023494907
0.0000000000000000000262443483756253
-0.000000000000000000316034401427899
0.0000000000000000000455095000044138
-0.000000000000000000491078761363146
0.0000000000000000000766035176671984
-0.000000000000000000697247608807882
0.000000000000000000124243411491715
-0.000000000000000000932660766415806
0.000000000000000000187789772783105
-0.00000000000000000120203837431803
0.000000000000000000258747015015781
-0.00000000000000000151856069848963
0.000000000000000000322011139294883
-0.00000000000000000189901262884615
0.000000000000000000361198031189484
-0.00000000000000000235717795682551
0.00000000000000000036943352411784
-0.00000000000000000289380909348096
0.000000000000000000353495892812048
-0.00000000000000000349501713588877
0.000000000000000000336007898270749
-0.00000000000000000413150325125858
0.000000000000000000348518355734383
-0.00000000000000000477418060474311
0.000000000000000000416714005801197
-0.00000000000000000540923142684364
0.00000000000000000054014252731304
-0.00000000000000000604967566125588
0.000000000000000000697071693194715
-0.00000000000000000672493359778709
0.000000000000000000856529419909893
-0.0000000000000000074615584114574
0.00000000000000000100271809938635
-0.00000000000000000826366678690305
0.00000000000000000114451952120841
-0.00000000000000000911217463731514
0.00000000000000000130891090302968
-0.00000000000000000997976617293775
0.00000000000000000151798621806482
-0.0000000000000000108528557253557
0.00000000000000000177683404970488
-0.0000000000000000117384140427677
0.00000000000000000206726044671546
-0.000000000000000012661957704986
0.00000000000000000236630014746215
-0.0000000000000000136478386259694
0.00000000000000000264504799284423
-0.0000000000000000147210203916959
0.00000000000000000288190437184496
-0.0000000000000000159064816302125
0.00000000000000000305872743036725
-0.000000000000000017216707189055
0.00000000000000000317480976511252
-0.0000000000000000186406415452093
0.00000000000000000324833612660739
-0.0000000000000000201456763897669
0.00000000000000000331233847932503
-0.000000000000000021710016919359
0.00000000000000000340076066450759
-0.0000000000000000232937247877477
0.00000000000000000354760663716898
-0.0000000000000000248640270159171
0.00000000000000000379045635752678
-0.0000000000000000263801422554669
0.00000000000000000416453121391169
-0.0000000000000000278186196516426
0.00000000000000000469180116833313
-0.0000000000000000291672607897485
0.0000000000000000053638216046641
-0.0000000000000000304503985079739
0.0000000000000000061430146641347
-0.0000000000000000317175629628412
0.0000000000000000069783610353757
-0.0000000000000000330243145584581
0.00000000000000000781581912333788
-0.000000000000000034421656921201
0.0000000000000000086103574619261
-0.0000000000000000359408301886759
0.0000000000000000093418942031988
-0.0000000000000000375921289596753
0.0000000000000000100167092465113
-0.0000000000000000393598321167603
0.0000000000000000106660473618705
-0.0000000000000000411975919760156
0.0000000000000000113356970542163
-0.0000000000000000430715927731699
0.0000000000000000120450543220214
-0.000000000000000044988928806089
0.0000000000000000127548512552205
-0.0000000000000000470204523294347
0.0000000000000000133776239159341
-0.0000000000000000492384716045104
0.0000000000000000138792595603042
-0.0000000000000000516581727146532
0.0000000000000000142687334648265
-0.0000000000000000542359841133834
0.0000000000000000145899655578168
-0.0000000000000000569527548708535
0.0000000000000000148498450493857
-0.0000000000000000598044931705904
0.0000000000000000150444592863496
-0.0000000000000000628110418018954
0.0000000000000000151728485215069
-0.0000000000000000659365888487716
0.0000000000000000152885524271552
-0.0000000000000000691139929620875
0.0000000000000000154794480640893
-0.0000000000000000722428348378978
0.0000000000000000158407876959701
-0.0000000000000000752480521926365
0.000000000000000016438927867665
-0.0000000000000000780840999784618
0.000000000000000017289163289552
-0.0000000000000000807631464783373
0.0000000000000000183330267952283
-0.0000000000000000833957996313304
0.0000000000000000194753202186258
-0.0000000000000000860478708834087
0.000000000000000020605641726679
-0.0000000000000000888806915593558
0.0000000000000000215466246449596
-0.0000000000000000920280644007031
0.0000000000000000222793732403515
-0.0000000000000000954495658824711
0.0000000000000000228933790678776
-0.0000000000000000989205052569428
0.0000000000000000237533094086085
-0.00000000000000010205608224842
0.0000000000000000251920499017659
-0.000000000000000104520400043035
0.0000000000000000275057389521629
-0.000000000000000106188584769694
0.0000000000000000306466479115201
-0.0000000000000001072918040848
0.0000000000000000341828171674002
-0.000000000000000108402044123309
0.0000000000000000374784657476205
-0.000000000000000110194014504326
0.0000000000000000398462258820604
-0.000000000000000113278967712633
0.0000000000000000408397743906953
-0.000000000000000117917492257901
0.0000000000000000404256836421605
-0.000000000000000123831271354465
0.0000000000000000391933946919647
-0.000000000000000130216191596892
0.0000000000000000381022960817127
-0.000000000000000136019646431538
0.0000000000000000381945031264765
-0.000000000000000140356488576397
0.0000000000000000400788231989776
-0.000000000000000142948068959278
0.0000000000000000436501752284957
-0.000000000000000144249602602041
0.000000000000000048184187919073
-0.000000000000000145243124120564
0.0000000000000000526057045767706
-0.00000000000000014690629236122
0.0000000000000000560563172413672
-0.000000000000000149911796222525
0.0000000000000000581756129593253
-0.000000000000000154299430489565
0.0000000000000000592067183499129
-0.000000000000000159628594736614
0.0000000000000000597376832933674
-0.000000000000000165192932221854
0.0000000000000000604414412485129
-0.000000000000000170457543632774
0.0000000000000000617176932097424
-0.000000000000000175203275439239
0.0000000000000000636206873272204
-0.000000000000000179482686767552
0.0000000000000000660100367972004
-0.000000000000000183455884536903
0.0000000000000000687276803792046
-0.00000000000000018731282652317
0.0000000000000000716006982190059
-0.000000000000000191266119774766
0.0000000000000000742887292634285
-0.000000000000000195702108862058
0.0000000000000000764344851978835
-0.000000000000000201034772813085
0.0000000000000000776039604795918
-0.000000000000000207560375405783
0.0000000000000000776848212939366
-0.000000000000000215260220600072
0.0000000000000000767600170776151
-0.000000000000000223941267352133
0.0000000000000000752304595097365
-0.000000000000000233096779251579
0.0000000000000000736531599268952
-0.000000000000000242067361328453
0.0000000000000000726974997843118
-0.000000000000000250284789104301
0.0000000000000000727968988659651
-0.000000000000000257478908158532
0.0000000000000000740913633722954
-0.000000000000000263631223206079
0.0000000000000000765870505050754
-0.000000000000000268592992805894
0.0000000000000000804544698426295
-0.000000000000000272240125531069
0.0000000000000000859300419145852
-0.000000000000000274296205619712
0.0000000000000000931438503687483
-0.000000000000000274825339017689
0.000000000000000101844562118755
-0.000000000000000274250285577368
0.000000000000000111417123275947
-0.000000000000000273387926475505
0.00000000000000012093637101534
-0.000000000000000273155182624377
0.00000000000000012951404897011
-0.000000000000000274546674356883
0.00000000000000013613334568365
-0.000000000000000278435421374213
0.000000000000000139978088785702
-0.000000000000000285578715670241
0.000000000000000140499485764297
-0.000000000000000296214051399418
0.000000000000000137834966824467
-0.000000000000000309924052667745
0.000000000000000132836904795208
-0.000000000000000325173457224713
0.00000000000000012747855535332
-0.000000000000000339809578319416
0.000000000000000124036086083333
-0.000000000000000351656708006018
0.000000000000000124328676446329
-0.000000000000000359450392049941
0.00000000000000012899425401681
-0.000000000000000363104369064734
0.000000000000000137578132040781
-0.000000000000000363535395922332
0.000000000000000148906264812404
-0.000000000000000362141338437703
0.000000000000000161388260571065
-0.000000000000000360662047764162
0.000000000000000173131217935563
-0.000000000000000361066706787521
0.000000000000000182231482803937
-0.000000000000000365033452730211
0.000000000000000187384203069483
-0.000000000000000373263552438811
0.000000000000000188553179351891
-0.00000000000000038542992484619
0.000000000000000186613747652343
-0.000000000000000399988236137812
0.000000000000000183406437649554
-0.000000000000000414818023537136
0.000000000000000180977309642117
-0.000000000000000428343924760317
0.000000000000000180802685085234
-0.000000000000000439131641700516
0.000000000000000184025943029528
-0.000000000000000446259944927841
0.000000000000000191321278272333
-0.000000000000000449618284946571
0.000000000000000202202433754676
-0.000000000000000450186308493951
0.000000000000000215236437445241
-0.000000000000000449806882983532
0.000000000000000228249138001512
-0.0000000000000004506649896854
0.000000000000000239200256861944
-0.000000000000000454714567969178
0.000000000000000246502745893423
-0.000000000000000462943095761915
0.000000000000000249688000827581
-0.000000000000000475308848545647
0.000000000000000249401302887198
-0.000000000000000490607403534239
0.000000000000000247115604969416
-0.000000000000000507353314165339
0.000000000000000244403381486883
-0.000000000000000524025810532272
0.000000000000000242513419464259
-0.000000000000000539534692636865
0.000000000000000242450946068716
-0.000000000000000552917410653547
0.000000000000000245368035764614
-0.000000000000000562906017290265
0.000000000000000252288238454727
-0.000000000000000568915591931362
0.000000000000000263411956272571
-0.000000000000000571242760839206
0.00000000000000027781694107755
-0.000000000000000571208095593082
0.000000000000000293959709591115
-0.000000000000000570472892853097
0.000000000000000310065700374849
-0.000000000000000570873450888767
0.000000000000000324533907788486
-0.000000000000000573842360855286
0.000000000000000336033975014408
-0.000000000000000580485064752474
0.000000000000000343673371413782
-0.000000000000000591461697900383
0.000000000000000347145135601591
-0.000000000000000606618791854858
0.000000000000000347279956955807
-0.00000000000000062448372621904
0.000000000000000345881030964172
-0.000000000000000642847937554906
0.000000000000000345512495486612
-0.000000000000000659543914340499
0.000000000000000347571472781866
-0.00000000000000067379944006172
0.000000000000000352020780514066
-0.000000000000000686704709963054
0.000000000000000356950921218937
-0.000000000000000700515828212511
0.000000000000000360501930579427
-0.000000000000000716302143579719
0.000000000000000362072987241322
-0.000000000000000734023351622514
0.000000000000000362771723294084
-0.000000000000000751834835308445
0.000000000000000364727327182869
-0.000000000000000767646677283205
0.000000000000000369867466987997
-0.000000000000000779696513263863
0.000000000000000379535738483062
-0.000000000000000787433504033746
0.000000000000000393557287135031
-0.000000000000000791454008268819
0.00000000000000041065664093722
-0.000000000000000793840721798869
0.000000000000000428472684461961
-0.000000000000000796891041670596
0.000000000000000444872113751411
-0.000000000000000802596021440378
0.000000000000000458313558266458
-0.000000000000000811611302764645
0.000000000000000468787353550853
-0.000000000000000823436148988895
0.000000000000000477436694689471
-0.000000000000000836608898127665
0.000000000000000485911279245897
-0.000000000000000849502352020997
0.000000000000000495559434313161
-0.000000000000000860949475515259
0.000000000000000507122361363626
-0.000000000000000870791975824244
0.000000000000000520413106835473
-0.000000000000000879475899351233
0.00000000000000053479639914524
-0.000000000000000887937183350577
0.000000000000000549079038145493
-0.000000000000000897489715160516
0.000000000000000561839043251976
-0.000000000000000909435033419318
0.000000000000000571999108834569
-0.000000000000000924612626643922
0.000000000000000579208610592207
-0.000000000000000942773942834931
0.00000000000000058432008130519
-0.000000000000000962776098993801
0.0000000000000005884442955167
-0.000000000000000983385542697414
0.000000000000000592982490955053
-0.00000000000000100341115951063
0.000000000000000598790438026522
-0.00000000000000102213254317486
0.00000000000000060641938036119
-0.0000000000000010392859933514
0.000000000000000616025391180407
-0.00000000000000105467325594395
0.000000000000000627981965630399
-0.00000000000000106768858693459
0.000000000000000643040819374107
-0.00000000000000107748342791502
0.000000000000000662049511781604
-0.00000000000000108350927989516
0.000000000000000684871795348065
-0.00000000000000108652751995903
0.000000000000000709656350637633
-0.00000000000000109042048090803
0.000000000000000731724139358989
-0.00000000000000109949376104256
0.000000000000000747298459838501
-0.00000000000000111661884914305
0.000000000000000754033888984573
-0.00000000000000114303880984694
0.000000000000000752888466754904
-0.00000000000000117614678820542
0.00000000000000074750613749207
-0.00000000000000121128943710415
0.000000000000000743165663736248
-0.00000000000000124344381125795
0.000000000000000744169284725599
-0.00000000000000126884476530831
0.000000000000000753828438990907
-0.00000000000000128501471429589
0.000000000000000773447238826625
-0.00000000000000129180658426727
0.000000000000000801914410987506
-0.00000000000000129181684423867
0.000000000000000835484529746221
-0.00000000000000128954140403829
0.000000000000000868944366990645
-0.00000000000000129067743593551
0.000000000000000896825682628906
-0.0000000000000012997327277125
0.00000000000000091596973759979
-0.00000000000000131851550636965
0.000000000000000926135183419221
-0.00000000000000134551835959968
0.000000000000000930161304290796
-0.00000000000000137710002951844
0.000000000000000932214449454328
-0.00000000000000140881986376646
0.000000000000000936732897828767
-0.00000000000000143677681253079
0.000000000000000946920216508927
-0.00000000000000145846984891807
0.000000000000000964558245571868
-0.00000000000000147298534811482
0.000000000000000989132463791693
-0.00000000000000148215882983099
0.00000000000000101792486880295
-0.0000000000000014897732222333
0.00000000000000104609490795969
-0.0000000000000015010604090264
0.00000000000000106887830536988
-0.00000000000000152021406422339
0.00000000000000108272867916722
-0.00000000000000154945337520946
0.0000000000000010870954335396
-0.00000000000000158780311321641
0.00000000000000108458809148934
-0.00000000000000163093056808147
0.00000000000000108064321577105
-0.00000000000000167329403117876
0.00000000000000108084865445289
-0.00000000000000170915697893
0.00000000000000109029402171642
-0.00000000000000173476118275312
0.00000000000000111149330072156
-0.00000000000000174882494341734
0.00000000000000114383027469686
-0.00000000000000175442110528793
0.00000000000000118310957064915
-0.00000000000000175593329553268
0.00000000000000122405839770445
-0.00000000000000175918455599003
0.00000000000000126107345650452
-0.00000000000000176911048665598
0.00000000000000129051809401349
-0.0000000000000017882326934849
0.00000000000000131128969631969
-0.00000000000000181579099936324
0.00000000000000132527507940151
-0.0000000000000018492103183963
0.00000000000000133592842818823
-0.000000000000001884594182031
0.00000000000000134688083647905
-0.00000000000000191879696965252
0.00000000000000136088139438417
-0.0000000000000019497667122275
0.0000000000000013787371610335
-0.00000000000000197790308414684
0.00000000000000139946638260682
-0.00000000000000200477446551735
0.00000000000000142094256981713
-0.00000000000000203235600894496
0.00000000000000144197311018154
-0.00000000000000206124335826671
0.00000000000000146222586698348
-0.00000000000000209133769750141
0.00000000000000148206298934683
-0.00000000000000212211983932605
0.00000000000000150185180651835
-0.00000000000000215478139706334
0.00000000000000151956605529433
-0.00000000000000219072219390063
0.00000000000000153427114459605
-0.00000000000000223034545844168
0.00000000000000154632472612418
-0.00000000000000227192397286847
0.00000000000000155918252991108
-0.00000000000000231155700477997
0.00000000000000157693194480466
-0.00000000000000234494356708754
0.0000000000000016026220375034
-0.00000000000000237096012262124
0.00000000000000163594372690572
-0.00000000000000239154005301648
0.00000000000000167284050092017
-0.00000000000000241167003263215
0.00000000000000170905142932367
-0.00000000000000243543966326048
0.00000000000000174085881855793
-0.00000000000000246446931383109
0.0000000000000017688327244584
-0.00000000000000249711752899537
0.00000000000000179546102339038
-0.00000000000000253010016106242
0.00000000000000182541483693683
-0.00000000000000255818951779859
0.00000000000000186257197675617
-0.00000000000000257819811278577
0.00000000000000190920754844315
-0.00000000000000258897464888483
0.00000000000000196503729960641
-0.00000000000000259476851632224
0.00000000000000202492849789764
-0.00000000000000259880294555038
0.00000000000000208368029612028
-0.00000000000000260817253649527
0.00000000000000213577447791534
-0.00000000000000262747941885079
0.00000000000000217736437144242
-0.00000000000000265877519647991
0.0000000000000022081678687481
-0.00000000000000269999033470524
0.00000000000000223233534301742
-0.00000000000000274601967855257
0.00000000000000225554401595024
-0.00000000000000279140935066047
0.00000000000000228226330595337
-0.00000000000000283359199256875
0.00000000000000231255313311089
-0.00000000000000287464746164848
0.00000000000000234295574226205
-0.00000000000000291873496541349
0.00000000000000236946904727188
-0.00000000000000296864186168729
0.00000000000000239124171701505
-0.00000000000000302347208895712
0.00000000000000241112863762437
-0.00000000000000307839306674296
0.00000000000000243485336364416
-0.00000000000000312795493557401
0.00000000000000246684568684258
-0.00000000000000316944107275972
0.00000000000000250756624131288
-0.00000000000000320484295538194
0.00000000000000255347251650658
-0.00000000000000323871232853094
0.00000000000000259907796384003
-0.00000000000000327675575017044
0.00000000000000263974786687647
-0.0000000000000033216736491693
0.00000000000000267468756224872
-0.00000000000000337265057880831
0.0000000000000027062943750235
-0.00000000000000342618637809889
0.00000000000000273901771151185
-0.00000000000000347728076644242
0.00000000000000277733313516622
-0.00000000000000352264583857627
0.00000000000000282372768409007
-0.00000000000000356103730047196
0.00000000000000287694461959475
-0.00000000000000359604011877578
0.00000000000000293238454587277
-0.00000000000000363307703225795
0.00000000000000298392887705865
-0.00000000000000367803816597692
0.00000000000000302706932203496
-0.00000000000000373385819677076
0.00000000000000306008682308571
-0.00000000000000380104532625161
0.00000000000000308387148215931
-0.00000000000000387709772693419
0.0000000000000031027844077427
-0.00000000000000395616257995743
0.00000000000000312424620290091
-0.00000000000000402935196656297
0.00000000000000315792948897358
-0.00000000000000408745232805713
0.00000000000000321140397955227
-0.00000000000000412521282020329
0.00000000000000328693567375135
-0.00000000000000414412988180772
0.00000000000000337996475853947
-0.00000000000000415096142925661
0.00000000000000348208428859959
-0.0000000000000041551461792229
0.00000000000000358379150731152
-0.00000000000000416512750317813
0.00000000000000367764399598453
-0.00000000000000418789754027551
0.0000000000000037581712293167
-0.00000000000000422735358223919
0.0000000000000038226460016523
-0.00000000000000428466713098577
0.00000000000000387140133169617
-0.00000000000000435827909600955
0.0000000000000039072869797441
-0.00000000000000444481323413522
0.00000000000000393348556787149
-0.00000000000000454167482352394
0.00000000000000395224081219456
-0.00000000000000464669550397321
0.00000000000000396573456565117
-0.00000000000000475740018686416
0.00000000000000397761738758113
-0.00000000000000486826798506599
0.00000000000000399447276832582
-0.00000000000000497292708256562
0.00000000000000402396133658107
-0.00000000000000506243360940774
0.00000000000000407438064171203
-0.0000000000000051295499683429
0.00000000000000415131355903215
-0.0000000000000051720400018205
0.00000000000000425315982135735
-0.00000000000000519525329203426
0.000000000000004371310018898
-0.00000000000000521044343029334
0.00000000000000449258834124194
-0.00000000000000523159014826824
0.00000000000000460367499034254
-0.00000000000000527056989779672
0.00000000000000469515634091553
-0.00000000000000533405043230703
0.00000000000000476363778298875
-0.00000000000000542180905923671
0.00000000000000481254485022132
-0.0000000000000055276595748405
0.00000000000000485045143854015
-0.00000000000000564149687135644
0.00000000000000488835807843477
-0.00000000000000575288256176889
0.00000000000000493545880916337
-0.00000000000000585434449525767
0.00000000000000499672322732806
-0.00000000000000594371631911931
0.0000000000000050716081418358
-0.00000000000000602400733432109
0.00000000000000515616896874365
-0.00000000000000609920156044041
0.00000000000000524596614729805
-0.00000000000000617448454374835
0.00000000000000533761448130968
-0.00000000000000625076316461509
0.0000000000000054315112558381
-0.00000000000000632601663547423
0.00000000000000553059588598432
-0.00000000000000639717608701006
0.00000000000000563809161752597
-0.00000000000000646293304991037
0.00000000000000575310871561851
-0.00000000000000652556767659303
0.00000000000000587212089741606
-0.00000000000000658969296827806
0.00000000000000599023222102362
-0.00000000000000666074974413121
0.00000000000000610166733130988
-0.0000000000000067439105034408
0.00000000000000620218884389295
-0.00000000000000684306875688886
0.00000000000000628951459621059
-0.00000000000000695783093878387
0.00000000000000636599233440416
-0.00000000000000708498849540711
0.00000000000000643650220707318
-0.00000000000000721765435623394
0.00000000000000650881641343496
-0.00000000000000734882262813514
0.00000000000000658991385535805
-0.00000000000000747162488852015
0.00000000000000668506014556628
-0.00000000000000758183075677122
0.0000000000000067982260527559
-0.0000000000000076781715172394
0.00000000000000692774030896725
-0.00000000000000776418719025073
0.00000000000000706857211263223
-0.00000000000000784632637710038
0.00000000000000721324487833423
-0.00000000000000793303674254889
0.00000000000000735343067944889
-0.0000000000000080324431904322
0.00000000000000748123259152743
-0.00000000000000815141038572339
0.00000000000000759178811223206
-0.00000000000000829305900979923
0.0000000000000076840497463065
-0.00000000000000845695253504134
0.0000000000000077603465245828
-0.00000000000000863839061939328
0.00000000000000782790990155543
-0.00000000000000882703625774949
0.00000000000000790098402684284
-0.00000000000000900556134627463
0.00000000000000799967914441779
-0.00000000000000915228818936712
0.00000000000000814578740577956
-0.00000000000000924762255883709
0.00000000000000835517688950308
-0.00000000000000928162636989712
0.00000000000000862911842795788
-0.0000000000000092633742649553
0.0000000000000089475345360361
-0.00000000000000922709833143678
0.00000000000000926287539886427
-0.0000000000000092310108208403
0.00000000000000950790747417537
-0.00000000000000934858823452795
0.00000000000000960837213189471
-0.00000000000000964852252688192
0.00000000000000950766157144853
-0.000000000000010170248419357
0.00000000000000919110690312676
-0.0000000000000108966828129797
0.00000000000000871235163938661
-0.0000000000000117349443757951
0.00000000000000820578064500001
-0.000000000000012510198825356
0.00000000000000788243605971876
-0.000000000000012984294892366
0.00000000000000799582689702004
-0.0000000000000129043522553773
0.0000000000000087788599000368
-0.0000000000000120798786500834
0.000000000000010357176799385
-0.0000000000000104740112589609
0.0000000000000126566349101083
-0.00000000000000829100112657226
0.0000000000000153300432514156
-0.0000000000000060270519246182
0.0000000000000177366896524441
-0.00000000000000445188511632756
0.0000000000000190072142058558
-0.00000000000000449192555545384
0.0000000000000182156857073483
-0.00000000000000700434116320187
0.0000000000000146549662345772
-0.0000000000000124575929739651
0.00000000000000818432240950526
-0.0000000000000205813918764428
-0.000000000000000441960189531998
-0.0000000000000300860376572368
-0.00000000000000937437093640627
-0.000000000000038575885322639
-0.0000000000000157306763276425
-0.000000000000042792965995616
-0.0000000000000160382762205028
-0.0000000000000392661630390319
-0.00000000000000709228678669265
-0.0000000000000253614548041723
0.000000000000012843108021362
-0.000000000000000575212275221507
0.0000000000000427238802775918
0.0000000000000322317031299537
0.0000000000000776829141181663
0.0000000000000661031698604999
0.000000000000108734184303477
0.0000000000000902484690161169
0.000000000000123694071544593
0.0000000000000917011520480183
0.000000000000109623710107425
0.0000000000000585368841780856
0.0000000000000567456360934363
-0.0000000000000156522082060219
-0.0000000000000367326665753241
-0.000000000000126867363853967
-0.000000000000160022357737436
-0.000000000000256822530542889
-0.000000000000287038775816943
-0.00000000000037186164187808
-0.000000000000377403711262076
-0.000000000000426435905328423
-0.000000000000382691613891304
-0.000000000000372271774782806
-0.000000000000258476069426044
-0.000000000000173027258434241
0.0000000000000189269738316017
0.000000000000177681148361393
0.000000000000434228319454035
0.00000000000063917994769012
0.000000000000918751712757843
0.00000000000111370412720576
0.00000000000134652265380172
0.00000000000145028295977553
0.00000000000154740824966066
0.00000000000146821726808127
0.0000000000013414727612823
0.00000000000100215048094498
0.000000000000593755411730843
-0.0000000000000354217234687187
-0.000000000000718493658843484
-0.00000000000158622439074889
-0.00000000000244219220032914
-0.00000000000339268280624866
-0.00000000000421133491700547
-0.00000000000498376290135963
-0.00000000000546198609193617
-0.00000000000572452721399591
-0.00000000000552040167623052
-0.00000000000494479406080797
-0.00000000000377157161291531
-0.00000000000214373906356933
0.000000000000107544376810574
0.00000000000275949564370933
0.00000000000589513360519947
0.00000000000918930625958241
0.0000000000126260360256009
0.0000000000157767148142557
0.0000000000185406094650596
0.0000000000204171318061812
0.0000000000212714467142312
0.0000000000206008058789056
0.0000000000183247449148874
0.0000000000140424713528031
0.0000000000078437638821414
-0.000000000000449242672150538
-0.0000000000104579619399473
-0.0000000000220312299776007
-0.0000000000344183123108529
-0.0000000000470904066019743
-0.0000000000589216647651959
-0.0000000000690593523409875
-0.000000000076120940149104
-0.0000000000791190468316947
-0.0000000000766755317475364
-0.0000000000679981435771438
-0.0000000000521013912448237
-0.0000000000288192239702375
0.00000000000199105110541367
0.0000000000394292239513893
0.0000000000824015113292334
0.000000000128633675061746
0.00000000017561688186499
0.000000000219695239582474
0.000000000257147803636706
0.000000000283381568539303
0.000000000294170835126719
0.000000000284960141675628
0.000000000252247822772077
0.000000000192961874142703
0.000000000105927623564824
-0.00000000000877060746898905
-0.000000000148347925624817
-0.000000000308105016758034
-0.000000000480161189862663
-0.000000000654547551379404
-0.000000000818271137391501
-0.000000000956860203329474
-0.00000000105387569093879
-0.00000000109298478818784
-0.00000000105793694810946
-0.000000000935113704265792
-0.00000000071383213308442
-0.000000000389144479960672
0.0000000000378540593064843
0.000000000557388251004554
0.00000000115118573836531
0.00000000179055634386745
0.00000000243765451423751
0.00000000304485698380574
0.00000000355763943672783
0.00000000391568353023736
0.00000000405764469034769
0.0000000039240503279332
0.00000000346375843535438
0.00000000263813517562906
0.00000000142835610941226
-0.000000000160338502409545
-0.00000000209203670584414
-0.0000000042976589354685
-0.00000000667110392603812
-0.00000000907069287012329
-0.0000000113202260801197
-0.0000000132163408804261
-0.0000000145360704909736
-0.000000015051126561368
-0.0000000145421765413558
-0.0000000128192864913252
-0.00000000974100248424119
-0.00000000523778552310328
0.000000000668573813917174
0.00000000784424539456161
0.0000000160304296685889
0.0000000248330119763359
0.0000000337241928942211
0.000000042050494408374
0.0000000490562360503981
0.0000000539157576176745
0.0000000557824343475599
0.0000000538458622692935
0.0000000474035081456117
0.0000000359356956789141
0.0000000191880745318795
-0.00000000275221951009563
-0.0000000293845172535111
-0.000000059742572307446
-0.0000000923612513978322
-0.000000125278494632659
-0.000000156070276880902
-0.000000181933451958798
-0.00000019981056896064
-0.000000206567088614877
-0.00000019920860287336
-0.000000175141414536874
-0.000000132455384004512
-0.0000000702238551295823
0.0000000112096636546619
0.00000010997106612314
0.000000222458874854325
0.00000034322815604941
0.000000464994188567481
0.000000578769820905636
0.000000674168682716822
0.000000739875337751742
0.000000764297261378023
0.000000736376412290795
0.000000646548317534812
0.000000487795034294927
0.000000256747524257673
-0.000000045249461477002
-0.000000411184080130468
-0.000000827647780835386
-0.00000127441901993281
-0.00000172447738256317
-0.00000214452694606488
-0.00000249611920706881
-0.00000273740756776868
-0.00000282555853796549
-0.0000027197662256881
-0.00000238479440550243
-0.00000179487765978235
-0.000000937785181767562
0.000000181242855091164
0.00000153599300660648
0.00000307659180388671
0.00000472799909102733
0.00000639007911864334
0.00000793957423300275
0.00000923427756491743
0.000010119556742526
0.0000104372818960598
0.000010036995004538
0.00000878899926354091
0.00000659878181749826
0.00000342200154593968
-0.00000072099130651316
-0.00000573227912857132
-0.0000114265112676305
-0.0000175254368622969
-0.0000236582575357607
-0.0000293690394905145
-0.0000341322265777763
-0.0000373768538183438
-0.0000385195997540659
-0.0000370061135592667
-0.0000323593686937463
-0.0000242329170247939
-0.0000124661447775969
0.00000286223772729236
0.0000213868700403558
0.0000424195668617988
0.0000649294686113139
0.0000875446908898626
0.000108580086509648
0.00012609487427914
0.000137982374480983
0.000142092256296615
0.000136383236649827
0.000119101510411525
0.0000889770913231038
0.0000454272575968505
-0.0000112467582182115
-0.000079686151489204
-0.000157342324208043
-0.000240405205560045
-0.000323811074693943
-0.000401346917609371
-0.000465864985416839
-0.000509615782564436
-0.000524700747535884
-0.000503636957742386
-0.000440016183544601
-0.000329229367577535
-0.000169216400536279
0.0000388099910905534
0.000289726685951592
0.000574016564875206
0.00087750974429919
0.00118141964711819
0.00146273709429464
0.00169503307080262
0.00184970119221404
0.00189764523941138
0.00181138484611783
0.00156751579867585
0.0011494208972149
0.000550086628178775
-0.000225158491261265
-0.00115620112961471
-0.00220623782284623
-0.0033206595583192
-0.00442697324023877
-0.00543598013311543
-0.00624438285390538
-0.00673891851185903
-0.00680201922166699
-0.00631888166577897
-0.00518569251862823
-0.00331860961023856
-0.000662953409229536
0.00279807296856049
0.00703592486894041
0.0119713774251122
0.0174721729772335
0.023354455434803
0.0293886289001937
0.0353100127718621
0.0408342721238795
0.0456770908048121
0.0495768986016044
0.0523186974172565
0.0537561198399243
0.0538278765951024
0.052563962432199
0.0500791379602466
0.0465565515017007
0.042226351031401
0.037343150748915
0.032165079968968
0.0269361240334605
0.0218726497311374
0.0171543524289482
0.0129193949648535
0.00926319103161778
0.00624011565494539
0.00386736239620815
0.00213019586001311
0.000987932177498373
0.000380103010760217
0.000232391956237313
0.000462065373384668
0.000982735231032144
0.00170838694902779
0.00255667316901215
0.00345151913631453
0.00432510669491367
0.00511930965058313
0.00578664629510412
0.00629080326329852
0.00660677117380328
0.006720622493107
0.0066289561378024
0.00633803418470909
0.00586264164302165
0.00522471070443157
0.00445176271984961
0.00357523335798085
0.00262875546070656
0.00164647934840613
0.000661509400244963
-0.000295470784432766
-0.00119732512934581
-0.00202130132707106
-0.00274955492939243
-0.00336936123673995
-0.00387303618067669
-0.00425760558291335
-0.00452427644230862
-0.00467777245445351
-0.00472559893938618
-0.00467729920634637
-0.00454375638320606
-0.00433658245214483
-0.00406762168701602
-0.003748579997528
-0.00339077698246749
-0.00300500474170301
-0.00260146828676809
-0.00218977698388185
-0.00177895553223536
-0.00137744588324871
-0.000993077998891822
-0.000632996072490746
-0.000303536986034934
-0.0000100677419461679
0.000243202459441458
0.000453413264191905
0.000619221308488544
0.000740919111536312
0.000820481202054878
0.000861519899497102
0.000869141260489202
0.000849701325110526
0.000810472662813784
0.000759240537076943
0.000703855566198509
0.00065177501827693
0.000609627073945439
0.000582831523660698
0.000575306297118267
0.000589282554042255
0.000625242222310071
0.000681981882942704
0.000756796496262546
0.000845766776202554
0.000944125721752439
0.00104667380271143
0.00114820888275775
0.0012439365644587
0.00132982905597915
0.00140290577215043
0.00146141601945231
0.00150491275966982
0.00153421566244118
0.00155127078752374
0.00155892236654436
0.00156061877211086
0.00156007923121505
0.00156095000570836
0.00156647840811597
0.00157923041484236
0.0016008729739357
0.001632035989312
0.00167226185507045
0.00172004306930793
0.00177294138055121
0.00182777579462161
0.00188086193697971
0.00192828215835761
0.00196616443829128
0.00199094868958534
0.00199962123458057
0.00198990183254265
0.00196037220152621
0.00191054015934373
0.00184083875019469
0.00175256468982925
0.00164776468096324
0.0015290814262137
0.00139957321966765
0.00126252184731412
0.00112124311750712
0.000978912896707144
0.000838419169117473
0.000702247722299042
0.000572405794096293
0.000450384773014549
0.000337160010521602
0.000233223278505105
0.000138641469546519
0.0000531339579835911
-0.0000238394394529875
-0.0000929877146766997
-0.000155102135316716
-0.00021097963641159
-0.000261360293820148
-0.000306881329072276
-0.000348048459599245
-0.000385223913298734
-0.000418629241535862
-0.000448360189683653
-0.000474410407802268
-0.00049670063022748
-0.000515110139350169
-0.000529507727018827
-0.000539779955881264
-0.00054585515867296
-0.000547722275405364
-0.000545444193300165
-0.000539165731656632
-0.000529116721773623
-0.000515610821062323
-0.000499040730756945
-0.000479870441034571
-0.000458624991869575
-0.000435878106677684
-0.00041223791697563
-0.000388330932343969
-0.000364784391498806
-0.000342207213373761
-0.000321169896363241
-0.000302183917848833
-0.000285681388817689
-0.000271995932065886
-0.000261345895939338
-0.000253821102511924
-0.000249374290875967
-0.00024781828396926
-0.000248829637287078
-0.000251959175987287
-0.000256649376121916
-0.000262258073116823
-0.000268087486446532
-0.000273417118556378
-0.000277538720075274
-0.000279791287741587
-0.000279593962720321
-0.000276474777263708
-0.000270093417972752
-0.000260256557457559
-0.000246924788063898
-0.000230210770596315
-0.000210368806188288
-0.000187776638720048
-0.000162910815996558
-0.00013631737384342
-0.000108579890688759
-0.0000802871040023276
-0.0000520022418510003
-0.0000242360415849429
0.00000257491180404258
0.000028083330906352
0.0000520391850030481
0.0000742903471507382
0.0000947763516830458
0.000113516164638548
0.000130591276440262
0.000146125701578304
0.000160264627076472
0.000173153454298463
0.000184918862084929
0.000195653269804243
0.000205403749925626
0.000214166033225355
0.000221883828109938
0.000228453245508552
0.000233731742447867
0.000237550671129563
0.000239730294169979
0.000240095986907473
0.000238494325303093
0.000234807822850611
0.000228967246516723
0.00022096066676797
0.000210838683563358
0.000198715569351876
0.000184766381848541
0.000169220376197894
0.00015235129287409
0.000134465275388992
0.000115887295013677
0.0000969470010758987
0.0000779649002774752
0.0000592396807326036
0.000041037369864653
0.000023582841046848
0.00000705399956533409
-0.00000842122263590788
-0.0000227651155841863
-0.0000359479069455179
-0.0000479832987495035
-0.0000589222833752245
-0.0000688457509923918
-0.0000778564255976062
-0.0000860706451233657
-0.0000936104586481062
-0.000100596437159452
-0.000107141511444959
-0.000113346049527208
-0.00011929429370274
-0.000125052180617255
-0.000130666491299038
-0.000136165206141413
-0.000141558893440644
-0.000146842921114619
-0.000152000267607432
-0.000157004699777417
-0.000161824098808756
-0.00016642372932161
-0.000170769277197042
-0.000174829508060729
-0.000178578436321983
-0.000181996925024528
-0.00018507367539943
-0.000187805593837597
-0.000190197559159145
-0.000192261637197701
-0.00019401581890043
-0.000195482375392876
-0.000196685944492218
-0.000197651471218885
-0.000198402135339804
-0.000198957395479589
-0.000199331277178163
-0.000199531015749253
-0.000199556149532171
-0.000199398130444098
-0.000199040492821364
-0.000198459584825493
-0.000197625835885325
-0.000196505496074513
-0.000195062755801582
-0.000193262124375631
-0.000191070930202507
-0.000188461790871658
-0.000185414903344816
-0.000181920009244215
-0.000177977911417247
-0.000173601440770142
-0.000168815808798911
-0.000163658315614897
-0.000158177426413513
-0.000152431265258304
-0.000146485614208301
-0.000140411532675176
-0.000134282737342574
-0.000128172892699229
-0.000122152968154965
-0.000116288807152762
-0.000110639039847753
-0.000105253442749081
-0.00010017182042864
-0.000095423446125227
-0.0000910270644572409
-0.0000869914210932028
-0.0000833162554239481
-0.0000799936633200229
-0.0000770097212290844
-0.0000743462495836769
-0.0000719825946185195
-0.0000698973115614509
-0.0000680696492062154
-0.0000664807535078994
-0.0000651145354341588
-0.0000639581728360599
-0.0000630022464528207
-0.0000622405334997197
-0.0000616695076163072
-0.0000612876091780663
-0.0000610943647005492
-0.0000610894372700899
-0.0000612716920103012
-0.0000616383516298378
-0.0000621843081735372
-0.0000629016391830788
-0.000063779361000701
-0.0000648034303548697
-0.0000659569890064981
-0.0000672208265691675
-0.0000685740245231614
-0.0000699947310640748
-0.0000714610119048477
-0.000072951717147711
-0.0000744473082129818
-0.0000759305917730556
-0.0000773873183852061
-0.000078806612013041
-0.00008018121115449
-0.0000815075128393397
-0.0000827854254692487
-0.0000840180456080304
-0.0000852111856320195
-0.0000863727843294267
-0.0000875122395550149
-0.0000886397021222095
-0.0000897653719376354
-0.0000908988326352046
-0.0000920484584792178
-0.0000932209191014432
-0.0000944208025536008
-0.000095650367410634
-0.000096909428957916
-0.0000981953751174104
-0.000099503303183644
-0.000100826260909251
-0.00010215557318138
-0.000103481230670182
-0.00010479231729465
-0.000106077451304294
-0.000107325217842537
-0.000108524571204067
-0.000109665190039838
-0.000110737770714994
-0.000111734250148661
-0.000112647952073612
-0.000113473656903753
-0.000114207597738514
-0.000114847390552159
-0.000115391907927999
-0.000115841109847107
-0.000116195844826752
-0.000116457637144538
-0.000116628473969604
-0.000116710606951819
-0.000116706379370232
-0.000116618089286373
-0.000116447894632396
-0.000116197764714496
-0.000115869477712807
-0.000115464662255273
-0.000114984876616019
-0.000114431718262616
-0.00011380695298573
-0.000113112653254245
-0.000112351333400915
-0.000111526071139504
-0.000110640604395767
-0.000109699395695836
-0.000108707657053429
-0.00010767133245982
-0.000106597036398151
-0.000105491951179145
-0.000104363687096824
-0.000103220113258205
-0.000102069167343741
-0.00010091865530484
-0.0000997760511568369
-0.0000986483083817373
-0.0000975416922480228
-0.0000964616423940986
-0.0000954126717083789
-0.0000943983066698335
-0.0000934210704243139
-0.0000924825087114344
-0.0000915832549501695
-0.0000907231299914578
-0.0000899012689229258
-0.0000891162673844941
-0.0000883663378047295
-0.0000876494671626399
-0.0000869635669966621
-0.0000863066086352895
-0.0000856767366978818
-0.0000850723568918836
-0.0000844921947339967
-0.0000839353250336249
-0.0000834011725868882
-0.0000828894874658745
-0.0000824002984429452
-0.0000819338503627794
-0.0000814905306818131
-0.0000810707918222667
-0.0000806750745814069
-0.0000803037384687259
-0.0000799570027773946
-0.00007963490227475
-0.0000793372589775785
-0.0000790636713511318
-0.0000788135198615415
-0.0000785859878312401
-0.0000783800944649943
-0.0000781947373457894
-0.0000780287401422467
-0.0000778809022344408
-0.0000777500459745402
-0.0000776350587646697
-0.0000775349266095306
-0.0000774487576103523
-0.0000773757936072114
-0.0000773154101032096
-0.0000772671043745293
-0.0000772304734862927
-0.0000772051835273741
-0.0000771909329085836
-0.0000771874118514769
-0.0000771942613557754
-0.0000772110338681203
-0.0000772371586750262
-0.0000772719136821071
-0.0000773144057707186
-0.0000773635603841909
-0.0000774181213906509
-0.0000774766606981238
-0.0000775375975044884
-0.0000775992255986189
-0.0000776597476699312
-0.000077717314322234
-0.0000777700662371327
-0.0000778161769217694
-0.0000778538944511023
-0.0000778815798448747
-0.0000778977408856216
-0.00007790105959715
-0.0000778904128859195
-0.0000778648853575594
-0.000077823774627846
-0.0000777665889596086
-0.0000776930382979444
-0.0000776030192083464
-0.0000774965953274489
-0.000077373974233761
-0.0000772354825782525
-0.0000770815404592579
-0.0000769126367866658
-0.0000767293063900915
-0.0000765321102489462
-0.0000763216191451815
-0.0000760984015841956
-0.0000758630157306127
-0.0000756160056402869
-0.0000753579010164883
-0.0000750892203052342
-0.0000748104759905347
-0.000074522181632636
-0.0000742248593666462
-0.000073919047371533
-0.000073605306121861
-0.0000732842231228547
-0.0000729564152316528
-0.0000726225286124588
-0.0000722832358278749
-0.0000719392305177557
-0.0000715912195694123
-0.0000712399135839733
-0.0000708860158465889
-0.0000705302108217509
-0.0000701731525188481
-0.0000698154537818647
-0.0000694576767967528
-0.0000691003257214817
-0.0000687438415178841
-0.0000683885996074852
-0.0000680349101184434
-0.0000676830210070383
-0.0000673331234964811
-0.0000669853598084432
-0.0000666398323757138
-0.0000662966143069183
-0.0000659557601663164
-0.000065617316780492
-0.0000652813331610856
-0.0000649478693442274
-0.0000646170033968154
-0.0000642888365930877
-0.0000639634962590599
-0.000063641136545976
-0.0000633219368988557
-0.0000630060987267584
-0.000062693840265983
-0.0000623853903182778
-0.0000620809809893238
-0.000061780840179918
-0.000061485183977232
-0.0000611942096577691
-0.0000609080893678873
-0.0000606269650629205
-0.0000603509446178999
-0.0000600800995110259
-0.0000598144638142817
-0.0000595540347106621
-0.000059298774114348
-0.0000590486114719573
-0.0000588034472192605
-0.0000585631568976694
-0.0000583275953766365
-0.000058096601187461
-0.0000578700004576815
-0.0000576476105162523
-0.0000574292427537784
-0.0000572147049109711
-0.0000570038024975041
-0.0000567963396245288
-0.0000565921190628224
-0.0000563909418982962
-0.0000561926066735633
-0.0000559969084342969
-0.0000558036375989286
-0.0000556125790686171
-0.000055423511478183
-0.0000552362069596303
-0.000055050431264072
-0.0000548659445399379
-0.0000546825025396265
-0.0000544998584703903
-0.0000543177651897978
-0.0000541359778909573
-0.0000539542569257609
-0.0000537723708672349
-0.0000535900994382906
-0.000053407236397673
-0.0000532235920235831
-0.0000530389953080785
-0.0000528532955449514
-0.0000526663634705812
-0.0000524780917004965
-0.0000522883946784961
-0.0000520972079447317
-0.0000519044869935666
-0.0000517102055812426
-0.0000515143537925002
-0.0000513169357595932
-0.0000511179673579077
-0.0000509174737800483
-0.000050715487302624
-0.0000505120451322145
-0.0000503071876136636
-0.0000501009566543181
-0.0000498933946033869
-0.000049684543399274
-0.0000494744441775118
-0.0000492631371138688
-0.0000490506616560128
-0.0000488370568913221
-0.000048622362179549
-0.0000484066177876199
-0.000048189865648422
-0.0000479721499882575
-0.0000477535179546404
-0.0000475340200110811
-0.0000473137102521645
-0.0000470926464358834
-0.0000468708899128704
-0.0000466485052806118
-0.0000464255599658391
-0.0000462021235881582
-0.0000459782673228313
-0.0000457540631298076
-0.0000455295830695198
-0.000045304898573978
-0.0000450800798841495
-0.0000448551955125716
-0.00004463031192351
-0.0000444054932731283
-0.0000441808013791264
-0.0000439562957443697
-0.0000437320337824728
-0.0000435080710557524
-0.0000432844616580756
-0.0000430612585465998
-0.0000428385139483399
-0.0000426162796484098
-0.0000423946072884862
-0.0000421735484936047
-0.0000419531549656968
-0.0000417334783787954
-0.0000415145702278651
-0.0000412964814845643
-0.0000410792622249929
-0.000040862961098652
-0.000040647624812649
-0.0000404332975107596
-0.0000402200202239174
-0.0000400078302751111
-0.0000397967608107922
-0.0000395868403384624
-0.0000393780924322215
-0.0000391705354778242
-0.0000389641826052889
-0.0000387590416704802
-0.0000385551154195301
-0.0000383524016883663
-0.000038150893759374
-0.0000379505807216859
-0.0000377514479495539
-0.0000375534775442634
-0.0000373566488514596
-0.0000371609389031421
-0.0000369663228980994
-0.0000367727745776257
-0.0000365802666152055
-0.000036388770886601
-0.0000361982587449768
-0.0000360087011770663
-0.00003582006897005
-0.0000356323327729322
-0.0000354454631847298
-0.0000352594307581394
-0.0000350742060505348
-0.000034889759612646
-0.0000347060620433155
-0.0000345230839996781
-0.0000343407962855286
-0.0000341591699045859
-0.0000339781761948609
-0.0000337977869278807
-0.000033617974482802
-0.0000334387119771282
-0.0000332599734593316
-0.0000330817340448334
-0.0000329039700979617
-0.0000327266593431708
-0.0000325497810075645
-0.0000323733158817103
-0.0000321972464018435
-0.0000320215566453816
-0.0000318462323447342
-0.0000316712608165957
-0.0000314966309135112
-0.00003132233289961
-0.0000311483583582098
-0.0000309747000366526
-0.0000308013517355714
-0.0000306283081498386
-0.0000304555647663315
-0.0000302831177261353
-0.0000301109637529325
-0.0000299391000544381
-0.0000297675242944466
-0.0000295962345410743
-0.0000294252292844424
-0.0000292545074282634
-0.0000290840683447582
-0.0000289139118969656
-0.0000287440385150182
-0.0000285744492311203
-0.0000284051457581154
-0.0000282361305181864
-0.0000280674067059918
-0.0000278989782955131
-0.000027730850075124
-0.0000275630276234199
-0.0000273955173108576
-0.0000272283262430649
-0.0000270614622312668
-0.0000268949337086212
-0.0000267287496777798
-0.0000265629196107072
-0.0000263974533852046
-0.0000262323611805975
-0.000026067653415411
-0.0000259033406501982
-0.0000257394335361325
-0.0000255759427327542
-0.0000254128788729752
-0.0000252502524987938
-0.0000250880740433578
-0.0000249263537830432
-0.0000247651018330413
-0.0000246043281107375
-0.0000244440423387256
-0.0000242842540128584
-0.0000241249724060719
-0.0000239662065349681
-0.0000238079651592326
-0.0000236502567427774
-0.0000234930894462701
-0.0000233364710819594
-0.0000231804091000562
-0.0000230249105394798
-0.0000228699820116484
-0.0000227156296517174
-0.0000225618591050449
-0.0000224086754845005
-0.0000222560833651281
-0.0000221040867526173
-0.0000219526890905231
-0.0000218018932432427
-0.0000216517015179457
-0.0000215021156628954
-0.0000213531369035939
-0.0000212047659546654
-0.0000210570030672856
-0.0000209098480507196
-0.0000207633003264106
-0.0000206173589540809
-0.0000204720226872214
-0.0000203272899985947
-0.0000201831591323297
-0.0000200396281246136
-0.0000198966948489488
-0.000019754357029467
-0.0000196126122777437
-0.0000194714580980841
-0.0000193308919161605
-0.0000191909110773455
-0.0000190515128689351
-0.000018912694513798
-0.0000187744531887898
-0.0000186367860164605
-0.0000184996900823694
-0.0000183631624273486
-0.0000182272000658804
-0.0000180917999806203
-0.0000179569591430257
-0.0000178226745107681
-0.0000176889430506996
-0.0000175557617387256
-0.0000174231275842476
-0.0000172910376312814
-0.0000171594889829274
-0.0000170284788021568
-0.0000168980043347311
-0.0000167680629081732
-0.0000166386519518565
-0.0000165097689931466
-0.0000163814116739785
-0.0000162535777438363
-0.0000161262650728494
-0.0000159994716419766
-0.0000158731955532891
-0.0000157474350182611
-0.0000156221883663209
-0.0000154974540324116
-0.0000153732305649924
-0.0000152495166139838
-0.0000151263109392037
-0.0000150036123994864
-0.0000148814199621182
-0.0000147597326934301
-0.0000146385497692739
-0.0000145178704668698
-0.0000143976941758757
-0.0000142780203908478
-0.0000141588487221216
-0.0000140401788880087
-0.0000139220107245916
-0.0000138043441767804
-0.0000136871793062336
-0.0000135705162806111
-0.0000134543553791288
-0.000013338696979704
-0.0000132235415620511
-0.000013108889692826
-0.0000129947420265708
-0.0000128810992893356
-0.0000127679622780958
-0.0000126553318435752
-0.000012543208888932
-0.0000124315943525942
-0.00001232048920701
-0.000012209894442233
-0.0000120998110653887
-0.0000119902400855413
-0.0000118811825142862
-0.0000117726393521628
-0.0000116646115905045
-0.0000115571001993957
-0.0000114501061306667
-0.0000113436303071838
-0.0000112376736267113
-0.0000111322369522108
-0.0000110273211162333
-0.0000109229269118914
-0.0000108190550974818
-0.000010715706387874
-0.0000106128814591711
-0.0000105105809403877
-0.0000104088054180976
-0.0000103075554284124
-0.0000102068314616923
-0.0000101066339549465
-0.0000100069632967676
-0.00000990781982032793
-0.00000980920380871874
-0.0000097111154887069
-0.00000961355503661848
-0.00000951652257295304
-0.00000942001816886694
-0.00000932404184164188
-0.00000922859356171634
-0.00000913367324890162
-0.00000903928077981194
-0.00000894541598463842
-0.00000885207865476449
-0.00000875926853986433
-0.00000866698535547196
-0.00000857522878017588
-0.0000084839984629377
-0.00000839329402020317
-0.00000830311504282953
-0.00000821346109300983
-0.00000812433171075186
-0.00000803572641059632
-0.00000794764468767255
-0.00000786008601426595
-0.00000777304984553742
-0.0000076865356160439
-0.00000760054274524097
-0.00000751507063407588
-0.00000743011867039168
-0.00000734568622569502
-0.00000726177266055076
-0.00000717837732158707
-0.00000709549954692092
-0.00000701313866341188
-0.00000693129399210743
-0.00000684996484570665
-0.00000676915053397048
-0.00000668885036132038
-0.00000660906363213193
-0.00000652978964837745
-0.00000645102771471479
-0.00000637277713608756
-0.00000629503722253508
-0.00000621780728668452
-0.00000614108664823553
-0.0000060648746313103
-0.00000598917056859835
-0.0000059139737985633
-0.00000583928366926374
-0.00000576509953544156
-0.00000569142076205651
-0.00000561824672129575
-0.00000554557679586864
-0.00000547341037598057
-0.00000540174686243096
-0.00000533058566358635
-0.00000525992619831306
-0.00000518976789296939
-0.00000512011018418822
-0.00000505095251589188
-0.00000498229434192485
-0.00000491413512308237
-0.0000048464743295827
-0.00000477931143809404
-0.00000471264593403388
-0.00000464647730857985
-0.00000458080506078836
-0.00000451562869458357
-0.00000445094772069793
-0.00000438676165364533
-0.00000432307001349957
-0.00000425987232287081
-0.0000041971681085498
-0.00000413495689851701
-0.00000407323822348853
-0.00000401201161399277
-0.00000395127660185621
-0.0000038910327173819
-0.00000383127949080984
-0.00000377201644962529
-0.00000371324312002016
-0.00000365495902434923
-0.00000359716368260803
-0.0000035398566100438
-0.00000348303731865371
-0.00000342670531494714
-0.00000337086010145896
-0.00000331550117465148
-0.00000326062802643223
-0.00000320624014218018
-0.00000315233700225474
-0.00000309891808013105
-0.00000304598284388887
-0.0000029935307544444
-0.00000294156126701141
-0.00000289007382942168
-0.00000283906788355543
-0.00000278854286374728
-0.00000273849819818711
-0.00000268893330741186
-0.00000263984760568102
-0.00000259124049955588
-0.00000254311138925436
-0.00000249545966731962
-0.00000244828471995745
-0.00000240158592579406
-0.00000235536265719681
-0.00000230961427911817
-0.00000226434015039818
-0.0000022195396226883
-0.0000021752120417311
-0.00000213135674635648
-0.00000208797306973218
-0.00000204506033842353
-0.00000200261787360866
-0.00000196064499019317
-0.00000191914099798469
-0.00000187810520085525
-0.00000183753689787142
-0.00000179743538249951
-0.00000175779994368924
-0.00000171862986511879
-0.00000167992442623215
-0.00000164168290152206
-0.00000160390456152262
-0.00000156658867212938
-0.00000152973449554855
-0.00000149334128965382
-0.00000145740830889335
-0.000001421934803682
-0.00000138692002126678
-0.00000135236320515204
-0.00000131826359592301
-0.0000012846204307008
-0.00000125143294392245
-0.0000012187003668221
-0.00000118642192816572
-0.00000115459685375436
-0.00000112322436711182
-0.00000109230368900623
-0.00000106183403808951
-0.00000103181463043448
-0.00000100224468012572
-0.000000973123398810392
-0.000000944449996241421
-0.000000916223679841104
-0.000000888443655198606
-0.000000861109125646648
-0.000000834219292715803
-0.000000807773355725315
-0.000000781770512197182
-0.00000075620995746249
-0.000000731090885038607
-0.000000706412486252048
-0.000000682173950582194
-0.000000658374465301738
-0.000000635013215789572
-0.000000612089385189807
-0.000000589602154696292
-0.00000056755070323061
-0.000000545934207700507
-0.000000524751842696974
-0.000000504002780728743
-0.000000483686191938543
-0.000000463801244315466
-0.000000444347103430584
-0.000000425322932629126
-0.000000406727892785422
-0.000000388561142476955
-0.000000370821837758778
-0.000000353509132321312
-0.000000336622177284451
-0.000000320160121340857
-0.000000304122110569905
-0.000000288507288568259
-0.000000273314796283411
-0.000000258543772133102
-0.000000244193351858146
-0.00000023026266863197
-0.000000216750852932139
-0.000000203657032640993
-0.000000190980332935103
-0.000000178719876377825
-0.000000166874782825613
-0.000000155444169513176
-0.000000144427150975583
-0.000000133822839126467
-0.000000123630343194801
-0.000000113848769796601
-0.000000104477222885249
-0.0000000955148038171292
-0.0000000869606113143484
-0.0000000788137415248365
-0.0000000710732879962852
-0.0000000637383417311726
-0.0000000568079911709007
-0.000000050281322246131
-0.0000000441574183700266
-0.0000000384353604843697
-0.0000000331142270607016
-0.0000000281930941426221
-0.00000002367103535371
-0.0000000195471219362723
-0.0000000158204227648749
-0.0000000124900043818423
-0.00000000955493101517895
-0.000000007014264611098
-0.0000000048670648551254
-0.00000000311238920195693
-0.00000000174929289860412
-0.000000000776829011857155
-0.000000000194048452340468
0
